Sprite,Foreground,Centre,"SB/square.jpg",320,240
 R,0,1045,1045,2.54,2.54
 S,2,1045,1981,0.73,0.073
 M,0,1045,1045,528,237,528,237
 F,0,967,1045,0,1
 F,2,1045,1669,1,0
Sprite,Foreground,Centre,"SB/square.jpg",320,240
 F,0,967,1045,0,1
 F,0,1045,1669,1,0
 V,1,1045,1981,0.1,1,0.1,1
 R,0,1045,1045,2.54,2.54
 M,0,1045,1045,569,177,569,177
Sprite,Foreground,Centre,"SB/square.jpg",320,240
 F,0,967,1045,0,1
 F,0,1045,1669,1,0
 V,1,1045,1981,0.1,1,0.1,1
 R,0,1045,1045,4.1108,4.1108
 M,0,1045,1045,468,196,468,196
Sprite,Foreground,Centre,"SB/square.jpg",320,240
 F,0,967,1045,0,1
 F,0,1045,1669,1,0
 V,1,1045,1981,0.1,1,0.1,1
 R,0,1045,1045,5.6816,5.6816
 M,0,1045,1045,487,297,487,297
Sprite,Foreground,Centre,"SB/square.jpg",320,240
 F,0,967,1045,0,1
 F,0,1045,1669,1,0
 V,1,1045,1981,0.1,1,0.1,1
 R,0,1045,1045,7.2524,7.2524
 M,0,1045,1045,588,278,588,278
Sprite,Foreground,Centre,"SB/square.jpg",320,240
 R,0,1982,1982,2.38,2.38
 S,2,1982,2918,0.74,0.074
 M,0,1982,1982,124,338,124,338
 F,0,1904,1982,0,1
 F,2,1982,2606,1,0
Sprite,Foreground,Centre,"SB/square.jpg",320,240
 F,0,1904,1982,0,1
 F,0,1982,2606,1,0
 V,1,1982,2918,0.1,1,0.1,1
 R,0,1982,1982,2.38,2.38
 M,0,1982,1982,175,284,175,284
Sprite,Foreground,Centre,"SB/square.jpg",320,240
 F,0,1904,1982,0,1
 F,0,1982,2606,1,0
 V,1,1982,2918,0.1,1,0.1,1
 R,0,1982,1982,3.9508,3.9508
 M,0,1982,1982,70,287,70,287
Sprite,Foreground,Centre,"SB/square.jpg",320,240
 F,0,1904,1982,0,1
 F,0,1982,2606,1,0
 V,1,1982,2918,0.1,1,0.1,1
 R,0,1982,1982,5.5216,5.5216
 M,0,1982,1982,73,392,73,392
Sprite,Foreground,Centre,"SB/square.jpg",320,240
 F,0,1904,1982,0,1
 F,0,1982,2606,1,0
 V,1,1982,2918,0.1,1,0.1,1
 R,0,1982,1982,7.0924,7.0924
 M,0,1982,1982,178,389,178,389
Sprite,Foreground,Centre,"SB/square.jpg",320,240
 R,0,2920,2920,2.17,2.17
 S,2,2920,3856,0.62,0.062
 M,0,2920,2920,255,293,255,293
 F,0,2842,2920,0,1
 F,2,2920,3544,1,0
Sprite,Foreground,Centre,"SB/square.jpg",320,240
 F,0,2842,2920,0,1
 F,0,2920,3544,1,0
 V,1,2920,3856,0.1,1,0.1,1
 R,0,2920,2920,2.17,2.17
 M,0,2920,2920,306,258,306,258
Sprite,Foreground,Centre,"SB/square.jpg",320,240
 F,0,2842,2920,0,1
 F,0,2920,3544,1,0
 V,1,2920,3856,0.1,1,0.1,1
 R,0,2920,2920,3.7408,3.7408
 M,0,2920,2920,220,242,220,242
Sprite,Foreground,Centre,"SB/square.jpg",320,240
 F,0,2842,2920,0,1
 F,0,2920,3544,1,0
 V,1,2920,3856,0.1,1,0.1,1
 R,0,2920,2920,5.3116,5.3116
 M,0,2920,2920,204,328,204,328
Sprite,Foreground,Centre,"SB/square.jpg",320,240
 F,0,2842,2920,0,1
 F,0,2920,3544,1,0
 V,1,2920,3856,0.1,1,0.1,1
 R,0,2920,2920,6.8824,6.8824
 M,0,2920,2920,290,344,290,344
Sprite,Foreground,Centre,"SB/square.jpg",320,240
 R,0,3545,3545,2.11,2.11
 S,2,3545,4481,0.56,0.056
 M,0,3545,3545,127,283,127,283
 F,0,3467,3545,0,1
 F,2,3545,4169,1,0
Sprite,Foreground,Centre,"SB/square.jpg",320,240
 F,0,3467,3545,0,1
 F,0,3545,4169,1,0
 V,1,3545,4481,0.1,1,0.1,1
 R,0,3545,3545,2.11,2.11
 M,0,3545,3545,175,254,175,254
Sprite,Foreground,Centre,"SB/square.jpg",320,240
 F,0,3467,3545,0,1
 F,0,3545,4169,1,0
 V,1,3545,4481,0.1,1,0.1,1
 R,0,3545,3545,3.6808,3.6808
 M,0,3545,3545,98,235,98,235
Sprite,Foreground,Centre,"SB/square.jpg",320,240
 F,0,3467,3545,0,1
 F,0,3545,4169,1,0
 V,1,3545,4481,0.1,1,0.1,1
 R,0,3545,3545,5.2516,5.2516
 M,0,3545,3545,79,312,79,312
Sprite,Foreground,Centre,"SB/square.jpg",320,240
 F,0,3467,3545,0,1
 F,0,3545,4169,1,0
 V,1,3545,4481,0.1,1,0.1,1
 R,0,3545,3545,6.8224,6.8224
 M,0,3545,3545,156,331,156,331
Sprite,Foreground,Centre,"SB/square.jpg",320,240
 R,0,4482,4482,2.2,2.2
 S,2,4482,5418,0.66,0.066
 M,0,4482,4482,489,283,489,283
 F,0,4404,4482,0,1
 F,2,4482,5106,1,0
Sprite,Foreground,Centre,"SB/square.jpg",320,240
 F,0,4404,4482,0,1
 F,0,4482,5106,1,0
 V,1,4482,5418,0.1,1,0.1,1
 R,0,4482,4482,2.2,2.2
 M,0,4482,4482,542,244,542,244
Sprite,Foreground,Centre,"SB/square.jpg",320,240
 F,0,4404,4482,0,1
 F,0,4482,5106,1,0
 V,1,4482,5418,0.1,1,0.1,1
 R,0,4482,4482,3.7708,3.7708
 M,0,4482,4482,450,230,450,230
Sprite,Foreground,Centre,"SB/square.jpg",320,240
 F,0,4404,4482,0,1
 F,0,4482,5106,1,0
 V,1,4482,5418,0.1,1,0.1,1
 R,0,4482,4482,5.3416,5.3416
 M,0,4482,4482,436,322,436,322
Sprite,Foreground,Centre,"SB/square.jpg",320,240
 F,0,4404,4482,0,1
 F,0,4482,5106,1,0
 V,1,4482,5418,0.1,1,0.1,1
 R,0,4482,4482,6.9124,6.9124
 M,0,4482,4482,528,336,528,336
Sprite,Foreground,Centre,"SB/square.jpg",320,240
 R,0,5420,5420,0.72,0.72
 S,2,5420,6356,0.75,0.075
 M,0,5420,5420,333,297,333,297
 F,0,5342,5420,0,1
 F,2,5420,6044,1,0
Sprite,Foreground,Centre,"SB/square.jpg",320,240
 F,0,5342,5420,0,1
 F,0,5420,6044,1,0
 V,1,5420,6356,0.1,1,0.1,1
 R,0,5420,5420,0.72,0.72
 M,0,5420,5420,382,353,382,353
Sprite,Foreground,Centre,"SB/square.jpg",320,240
 F,0,5342,5420,0,1
 F,0,5420,6044,1,0
 V,1,5420,6356,0.1,1,0.1,1
 R,0,5420,5420,2.2908,2.2908
 M,0,5420,5420,389,248,389,248
Sprite,Foreground,Centre,"SB/square.jpg",320,240
 F,0,5342,5420,0,1
 F,0,5420,6044,1,0
 V,1,5420,6356,0.1,1,0.1,1
 R,0,5420,5420,3.8616,3.8616
 M,0,5420,5420,284,241,284,241
Sprite,Foreground,Centre,"SB/square.jpg",320,240
 F,0,5342,5420,0,1
 F,0,5420,6044,1,0
 V,1,5420,6356,0.1,1,0.1,1
 R,0,5420,5420,5.4324,5.4324
 M,0,5420,5420,277,346,277,346
Sprite,Foreground,Centre,"SB/square.jpg",320,240
 R,0,6045,6045,2.26,2.26
 S,2,6045,6981,0.75,0.075
 M,0,6045,6045,218,128,218,128
 F,0,5967,6045,0,1
 F,2,6045,6669,1,0
Sprite,Foreground,Centre,"SB/square.jpg",320,240
 F,0,5967,6045,0,1
 F,0,6045,6669,1,0
 V,1,6045,6981,0.1,1,0.1,1
 R,0,6045,6045,2.26,2.26
 M,0,6045,6045,276,80,276,80
Sprite,Foreground,Centre,"SB/square.jpg",320,240
 F,0,5967,6045,0,1
 F,0,6045,6669,1,0
 V,1,6045,6981,0.1,1,0.1,1
 R,0,6045,6045,3.8308,3.8308
 M,0,6045,6045,170,70,170,70
Sprite,Foreground,Centre,"SB/square.jpg",320,240
 F,0,5967,6045,0,1
 F,0,6045,6669,1,0
 V,1,6045,6981,0.1,1,0.1,1
 R,0,6045,6045,5.4016,5.4016
 M,0,6045,6045,160,176,160,176
Sprite,Foreground,Centre,"SB/square.jpg",320,240
 F,0,5967,6045,0,1
 F,0,6045,6669,1,0
 V,1,6045,6981,0.1,1,0.1,1
 R,0,6045,6045,6.9724,6.9724
 M,0,6045,6045,266,186,266,186
Sprite,Foreground,Centre,"SB/square.jpg",320,240
 R,0,6982,6982,0.64,0.64
 S,2,6982,7918,0.62,0.062
 M,0,6982,6982,292,244,292,244
 F,0,6904,6982,0,1
 F,2,6982,7606,1,0
Sprite,Foreground,Centre,"SB/square.jpg",320,240
 F,0,6904,6982,0,1
 F,0,6982,7606,1,0
 V,1,6982,7918,0.1,1,0.1,1
 R,0,6982,6982,0.64,0.64
 M,0,6982,6982,329,294,329,294
Sprite,Foreground,Centre,"SB/square.jpg",320,240
 F,0,6904,6982,0,1
 F,0,6982,7606,1,0
 V,1,6982,7918,0.1,1,0.1,1
 R,0,6982,6982,2.2108,2.2108
 M,0,6982,6982,342,207,342,207
Sprite,Foreground,Centre,"SB/square.jpg",320,240
 F,0,6904,6982,0,1
 F,0,6982,7606,1,0
 V,1,6982,7918,0.1,1,0.1,1
 R,0,6982,6982,3.7816,3.7816
 M,0,6982,6982,255,194,255,194
Sprite,Foreground,Centre,"SB/square.jpg",320,240
 F,0,6904,6982,0,1
 F,0,6982,7606,1,0
 V,1,6982,7918,0.1,1,0.1,1
 R,0,6982,6982,5.3524,5.3524
 M,0,6982,6982,242,281,242,281
Sprite,Foreground,Centre,"SB/square.jpg",320,240
 R,0,7920,7920,0.92,0.92
 S,2,7920,8856,0.56,0.056
 M,0,7920,7920,319,127,319,127
 F,0,7842,7920,0,1
 F,2,7920,8544,1,0
Sprite,Foreground,Centre,"SB/square.jpg",320,240
 F,0,7842,7920,0,1
 F,0,7920,8544,1,0
 V,1,7920,8856,0.1,1,0.1,1
 R,0,7920,7920,0.92,0.92
 M,0,7920,7920,364,161,364,161
Sprite,Foreground,Centre,"SB/square.jpg",320,240
 F,0,7842,7920,0,1
 F,0,7920,8544,1,0
 V,1,7920,8856,0.1,1,0.1,1
 R,0,7920,7920,2.4908,2.4908
 M,0,7920,7920,353,82,353,82
Sprite,Foreground,Centre,"SB/square.jpg",320,240
 F,0,7842,7920,0,1
 F,0,7920,8544,1,0
 V,1,7920,8856,0.1,1,0.1,1
 R,0,7920,7920,4.0616,4.0616
 M,0,7920,7920,274,93,274,93
Sprite,Foreground,Centre,"SB/square.jpg",320,240
 F,0,7842,7920,0,1
 F,0,7920,8544,1,0
 V,1,7920,8856,0.1,1,0.1,1
 R,0,7920,7920,5.6324,5.6324
 M,0,7920,7920,285,172,285,172
Sprite,Foreground,Centre,"SB/square.jpg",320,240
 R,0,8545,8545,2.46,2.46
 S,2,8545,9481,0.72,0.072
 M,0,8545,8545,162,225,162,225
 F,0,8467,8545,0,1
 F,2,8545,9169,1,0
Sprite,Foreground,Centre,"SB/square.jpg",320,240
 F,0,8467,8545,0,1
 F,0,8545,9169,1,0
 V,1,8545,9481,0.1,1,0.1,1
 R,0,8545,8545,2.46,2.46
 M,0,8545,8545,207,169,207,169
Sprite,Foreground,Centre,"SB/square.jpg",320,240
 F,0,8467,8545,0,1
 F,0,8545,9169,1,0
 V,1,8545,9481,0.1,1,0.1,1
 R,0,8545,8545,4.0308,4.0308
 M,0,8545,8545,106,180,106,180
Sprite,Foreground,Centre,"SB/square.jpg",320,240
 F,0,8467,8545,0,1
 F,0,8545,9169,1,0
 V,1,8545,9481,0.1,1,0.1,1
 R,0,8545,8545,5.6016,5.6016
 M,0,8545,8545,117,281,117,281
Sprite,Foreground,Centre,"SB/square.jpg",320,240
 F,0,8467,8545,0,1
 F,0,8545,9169,1,0
 V,1,8545,9481,0.1,1,0.1,1
 R,0,8545,8545,7.1724,7.1724
 M,0,8545,8545,218,270,218,270