[Events]
//Background and Video events
//Storyboard Layer 0 (Background)
Sprite,Background,Centre,"test2.jpg",320,240
 S,0,0,,0.63
 F,0,0,129468,1
 M,0,0,314254,320,240
 F,0,129468,130839,1,0.2
 F,0,130839,132039,0.2,0
 F,0,132039,132211,0,0.66
 F,0,132211,143139,0.66,0.5
 F,0,143139,143182,0.5,0.8
 F,0,143182,151068,0.8,0.7
 F,0,151068,151411,0.7,1
 F,0,151411,151754,1
 F,0,151754,152096,1
 F,0,152096,152611,1
 F,0,152611,153639,1
 F,0,153639,154068,1,0.1
 F,0,154068,154154,0.1,0.4
 F,0,154154,165082,0.4,0.45
 F,0,165082,165125,0.45,0.9
 F,0,165125,173182,0.9,0.5
 F,0,173182,173354,0.5,1
 F,0,173354,238839,1
 F,1,238839,240939,1,0.5
 F,0,240939,252854,0.5,0.4
 F,0,252854,252896,0.4,0.8
 F,0,252896,263782,0.8,0.45
 F,0,263782,263868,0.45,1
 F,0,263868,314254,1
//Storyboard Layer 1 (Fail)
//Storyboard Layer 2 (Pass)
//Storyboard Layer 3 (Foreground)
Sprite,Foreground,Centre,"SB\pacman\layer0.png",320,240
 M,1,554,1239,-112,247,20,247
 F,0,554,1239,0,1
 S,0,554,2609,0.2
 R,1,554,3294,0.9,10.9
 F,0,1239,2609,1
 F,1,2609,3294,1,0
 S,29,2609,3294,0.2,0.05
Sprite,Foreground,Centre,"SB\pacman\layer1.png",320,240
 M,1,554,1239,-112,247,20,247
 F,0,554,1239,0,1
 S,0,554,2609,0.22
 R,1,554,3294,0.5,-6.5
 F,0,1239,2609,1
 F,1,2609,3294,1,0
 S,29,2609,3294,0.22,0.05
Sprite,Foreground,Centre,"SB\pacman\layer2.png",320,240
 M,1,554,1239,-112,247,20,247
 F,0,554,1239,0,1
 S,0,554,2609,0.235
 R,1,554,3294,0.1,6.1
 F,0,1239,2609,1
 F,1,2609,3294,1,0
 S,29,2609,3294,0.235,0.05
Sprite,Foreground,Centre,"SB\pacman\layer3.png",320,240
 M,1,554,1239,-112,247,20,247
 F,0,554,1239,0,1
 S,0,554,2609,0.247
 R,1,554,3294,0.8,-3.2
 F,0,1239,2609,1
 F,1,2609,3294,1,0
 S,29,2609,3294,0.247,0.05
Sprite,Foreground,Centre,"SB\pacman\core.png",320,240
 M,0,554,,20,247
 F,0,2609,3294,0,1
 S,25,2609,3979,0.2,0.6
 F,0,3294,5349,1
 S,0,3979,5349,0.6
 F,0,5349,6034,1,0
 S,33,5349,6376,0.6,0.05
Sprite,Foreground,Centre,"SB\asdf\g_1.png",320,240
 C,0,0,,0,0,0
 S,0,554,,0.2
 M,31,2609,3294,20,248,-12,248
 F,0,2609,3294,0,1
 F,0,3294,5349,1
 F,1,5349,6034,1,0
Sprite,Foreground,Centre,"SB\asdf\u_1.png",320,240
 C,0,0,,0,0,0
 S,0,554,,0.2
 M,31,2609,3294,20,247,0,247
 F,0,2609,3294,0,1
 F,0,3294,5349,1
 F,1,5349,6034,1,0
Sprite,Foreground,Centre,"SB\asdf\i_1.png",320,240
 C,0,0,,0,0,0
 S,0,554,,0.2
 M,31,2609,3294,20,246,10,246
 F,0,2609,3294,0,1
 F,0,3294,5349,1
 F,1,5349,6034,1,0
Sprite,Foreground,Centre,"SB\asdf\n_1.png",320,240
 C,0,0,,0,0,0
 S,0,554,,0.2
 M,31,2609,3294,20,247
 F,0,2609,3294,0,1
 F,0,3294,5349,1
 F,1,5349,6034,1,0
Sprite,Foreground,Centre,"SB\asdf\e_1.png",320,240
 C,0,0,,0,0,0
 S,0,554,,0.2
 M,31,2609,3294,20,247,30,247
 F,0,2609,3294,0,1
 F,0,3294,5349,1
 F,1,5349,6034,1,0
Sprite,Foreground,Centre,"SB\asdf\a_1.png",320,240
 C,0,0,,0,0,0
 S,0,554,,0.2
 M,31,2609,3294,20,247,40,247
 F,0,2609,3294,0,1
 F,0,3294,5349,1
 F,1,5349,6034,1,0
Sprite,Foreground,Centre,"SB\asdf\q_2.png",320,240
 C,0,0,,0,0,0
 S,0,554,,0.2
 M,31,2609,3294,20,247,53,247
 F,0,2609,3294,0,1
 F,0,3294,5349,1
 F,1,5349,6034,1,0
Sprite,Foreground,Centre,"SB\square.jpg",320,240
 C,0,0,,0,0,0
 M,0,554,,20,258
 F,2,2609,3294,0,1
 F,0,3294,5349,1
 V,0,3294,5349,0.1,0.01,0.5,0.01
 F,1,5349,6034,1,0
Sprite,Foreground,Centre,"SB\pacman\layer0.png",320,240
 M,1,154154,154839,-112,247,20,247
 F,0,154154,154839,0,1
 S,0,154154,156209,0.2
 R,1,154154,156894,0.1,10.1
 F,0,154839,156209,1
 F,1,156209,156894,1,0
 S,29,156209,156894,0.2,0.05
Sprite,Foreground,Centre,"SB\pacman\layer1.png",320,240
 M,1,154154,154839,-112,247,20,247
 F,0,154154,154839,0,1
 S,0,154154,156209,0.22
 R,1,154154,156894,0.7,-6.3
 F,0,154839,156209,1
 F,1,156209,156894,1,0
 S,29,156209,156894,0.22,0.05
Sprite,Foreground,Centre,"SB\pacman\layer2.png",320,240
 M,1,154154,154839,-112,247,20,247
 F,0,154154,154839,0,1
 S,0,154154,156209,0.235
 R,1,154154,156894,0.7,6.7
 F,0,154839,156209,1
 F,1,156209,156894,1,0
 S,29,156209,156894,0.235,0.05
Sprite,Foreground,Centre,"SB\pacman\layer3.png",320,240
 M,1,154154,154839,-112,247,20,247
 F,0,154154,154839,0,1
 S,0,154154,156209,0.247
 R,1,154154,156894,0.8,-3.2
 F,0,154839,156209,1
 F,1,156209,156894,1,0
 S,29,156209,156894,0.247,0.05
Sprite,Foreground,Centre,"SB\pacman\core.png",320,240
 M,0,154154,,20,247
 F,0,156209,156894,0,1
 S,25,156209,157579,0.2,0.6
 F,0,156894,158949,1
 S,0,157579,158949,0.6
 F,0,158949,159634,1,0
 S,33,158949,159976,0.6,0.05
Sprite,Foreground,Centre,"SB\asdf\g_1.png",320,240
 C,0,0,,0,0,0
 S,0,154154,,0.2
 M,31,156209,156894,20,248,-12,248
 F,0,156209,156894,0,1
 F,0,156894,158949,1
 F,1,158949,159634,1,0
Sprite,Foreground,Centre,"SB\asdf\u_1.png",320,240
 C,0,0,,0,0,0
 S,0,154154,,0.2
 M,31,156209,156894,20,247,0,247
 F,0,156209,156894,0,1
 F,0,156894,158949,1
 F,1,158949,159634,1,0
Sprite,Foreground,Centre,"SB\asdf\i_1.png",320,240
 C,0,0,,0,0,0
 S,0,154154,,0.2
 M,31,156209,156894,20,246,10,246
 F,0,156209,156894,0,1
 F,0,156894,158949,1
 F,1,158949,159634,1,0
Sprite,Foreground,Centre,"SB\asdf\n_1.png",320,240
 C,0,0,,0,0,0
 S,0,154154,,0.2
 M,31,156209,156894,20,247
 F,0,156209,156894,0,1
 F,0,156894,158949,1
 F,1,158949,159634,1,0
Sprite,Foreground,Centre,"SB\asdf\e_1.png",320,240
 C,0,0,,0,0,0
 S,0,154154,,0.2
 M,31,156209,156894,20,247,30,247
 F,0,156209,156894,0,1
 F,0,156894,158949,1
 F,1,158949,159634,1,0
Sprite,Foreground,Centre,"SB\asdf\a_1.png",320,240
 C,0,0,,0,0,0
 S,0,154154,,0.2
 M,31,156209,156894,20,247,40,247
 F,0,156209,156894,0,1
 F,0,156894,158949,1
 F,1,158949,159634,1,0
Sprite,Foreground,Centre,"SB\asdf\q_2.png",320,240
 C,0,0,,0,0,0
 S,0,154154,,0.2
 M,31,156209,156894,20,247,53,247
 F,0,156209,156894,0,1
 F,0,156894,158949,1
 F,1,158949,159634,1,0
Sprite,Foreground,Centre,"SB\square.jpg",320,240
 C,0,0,,0,0,0
 M,0,154154,,20,258
 F,2,156209,156894,0,1
 F,0,156894,158949,1
 V,0,156894,158949,0.1,0.01,0.5,0.01
 F,1,158949,159634,1,0
Sprite,Foreground,Centre,"SB\pacman\layer0.png",320,240
 M,1,196668,197353,-112,247,20,247
 F,0,196668,197353,0,1
 S,0,196668,198723,0.2
 R,1,196668,199408,0.9,10.9
 F,0,197353,198723,1
 F,1,198723,199408,1,0
 S,29,198723,199408,0.2,0.05
Sprite,Foreground,Centre,"SB\pacman\layer1.png",320,240
 M,1,196668,197353,-112,247,20,247
 F,0,196668,197353,0,1
 S,0,196668,198723,0.22
 R,1,196668,199408,1,-6
 F,0,197353,198723,1
 F,1,198723,199408,1,0
 S,29,198723,199408,0.22,0.05
Sprite,Foreground,Centre,"SB\pacman\layer2.png",320,240
 M,1,196668,197353,-112,247,20,247
 F,0,196668,197353,0,1
 S,0,196668,198723,0.235
 R,1,196668,199408,0.5,6.5
 F,0,197353,198723,1
 F,1,198723,199408,1,0
 S,29,198723,199408,0.235,0.05
Sprite,Foreground,Centre,"SB\pacman\layer3.png",320,240
 M,1,196668,197353,-112,247,20,247
 F,0,196668,197353,0,1
 S,0,196668,198723,0.247
 R,1,196668,199408,0.5,-3.5
 F,0,197353,198723,1
 F,1,198723,199408,1,0
 S,29,198723,199408,0.247,0.05
Sprite,Foreground,Centre,"SB\pacman\core.png",320,240
 M,0,196668,,20,247
 F,0,198723,199408,0,1
 S,25,198723,200093,0.2,0.6
 F,0,199408,201463,1
 S,0,200093,201463,0.6
 F,0,201463,202148,1,0
 S,33,201463,202490,0.6,0.05
Sprite,Foreground,Centre,"SB\asdf\g_1.png",320,240
 C,0,0,,0,0,0
 S,0,196668,,0.2
 M,31,198723,199408,20,248,-12,248
 F,0,198723,199408,0,1
 F,0,199408,201463,1
 F,1,201463,202148,1,0
Sprite,Foreground,Centre,"SB\asdf\u_1.png",320,240
 C,0,0,,0,0,0
 S,0,196668,,0.2
 M,31,198723,199408,20,247,0,247
 F,0,198723,199408,0,1
 F,0,199408,201463,1
 F,1,201463,202148,1,0
Sprite,Foreground,Centre,"SB\asdf\i_1.png",320,240
 C,0,0,,0,0,0
 S,0,196668,,0.2
 M,31,198723,199408,20,246,10,246
 F,0,198723,199408,0,1
 F,0,199408,201463,1
 F,1,201463,202148,1,0
Sprite,Foreground,Centre,"SB\asdf\n_1.png",320,240
 C,0,0,,0,0,0
 S,0,196668,,0.2
 M,31,198723,199408,20,247
 F,0,198723,199408,0,1
 F,0,199408,201463,1
 F,1,201463,202148,1,0
Sprite,Foreground,Centre,"SB\asdf\e_1.png",320,240
 C,0,0,,0,0,0
 S,0,196668,,0.2
 M,31,198723,199408,20,247,30,247
 F,0,198723,199408,0,1
 F,0,199408,201463,1
 F,1,201463,202148,1,0
Sprite,Foreground,Centre,"SB\asdf\a_1.png",320,240
 C,0,0,,0,0,0
 S,0,196668,,0.2
 M,31,198723,199408,20,247,40,247
 F,0,198723,199408,0,1
 F,0,199408,201463,1
 F,1,201463,202148,1,0
Sprite,Foreground,Centre,"SB\asdf\q_2.png",320,240
 C,0,0,,0,0,0
 S,0,196668,,0.2
 M,31,198723,199408,20,247,53,247
 F,0,198723,199408,0,1
 F,0,199408,201463,1
 F,1,201463,202148,1,0
Sprite,Foreground,Centre,"SB\square.jpg",320,240
 C,0,0,,0,0,0
 M,0,196668,,20,258
 F,2,198723,199408,0,1
 F,0,199408,201463,1
 V,0,199408,201463,0.1,0.01,0.5,0.01
 F,1,201463,202148,1,0
Sprite,Foreground,Centre,"SB\pacman\layer0.png",320,240
 M,1,241925,242610,-112,247,20,247
 F,0,241925,242610,0,1
 S,0,241925,243980,0.2
 R,1,241925,244665,0.9,10.9
 F,0,242610,243980,1
 F,1,243980,244665,1,0
 S,29,243980,244665,0.2,0.05
Sprite,Foreground,Centre,"SB\pacman\layer1.png",320,240
 M,1,241925,242610,-112,247,20,247
 F,0,241925,242610,0,1
 S,0,241925,243980,0.22
 R,1,241925,244665,0.3,-6.7
 F,0,242610,243980,1
 F,1,243980,244665,1,0
 S,29,243980,244665,0.22,0.05
Sprite,Foreground,Centre,"SB\pacman\layer2.png",320,240
 M,1,241925,242610,-112,247,20,247
 F,0,241925,242610,0,1
 S,0,241925,243980,0.235
 R,1,241925,244665,0.1,6.1
 F,0,242610,243980,1
 F,1,243980,244665,1,0
 S,29,243980,244665,0.235,0.05
Sprite,Foreground,Centre,"SB\pacman\layer3.png",320,240
 M,1,241925,242610,-112,247,20,247
 F,0,241925,242610,0,1
 S,0,241925,243980,0.247
 R,1,241925,244665,1,-3
 F,0,242610,243980,1
 F,1,243980,244665,1,0
 S,29,243980,244665,0.247,0.05
Sprite,Foreground,Centre,"SB\pacman\core.png",320,240
 M,0,241925,,20,247
 F,0,243980,244665,0,1
 S,25,243980,245350,0.2,0.6
 F,0,244665,246720,1
 S,0,245350,246720,0.6
 F,0,246720,247405,1,0
 S,33,246720,247748,0.6,0.05
Sprite,Foreground,Centre,"SB\asdf\g_1.png",320,240
 C,0,0,,0,0,0
 S,0,241925,,0.2
 M,31,243980,244665,20,248,-12,248
 F,0,243980,244665,0,1
 F,0,244665,246720,1
 F,1,246720,247405,1,0
Sprite,Foreground,Centre,"SB\asdf\u_1.png",320,240
 C,0,0,,0,0,0
 S,0,241925,,0.2
 M,31,243980,244665,20,247,0,247
 F,0,243980,244665,0,1
 F,0,244665,246720,1
 F,1,246720,247405,1,0
Sprite,Foreground,Centre,"SB\asdf\i_1.png",320,240
 C,0,0,,0,0,0
 S,0,241925,,0.2
 M,31,243980,244665,20,246,10,246
 F,0,243980,244665,0,1
 F,0,244665,246720,1
 F,1,246720,247405,1,0
Sprite,Foreground,Centre,"SB\asdf\n_1.png",320,240
 C,0,0,,0,0,0
 S,0,241925,,0.2
 M,31,243980,244665,20,247
 F,0,243980,244665,0,1
 F,0,244665,246720,1
 F,1,246720,247405,1,0
Sprite,Foreground,Centre,"SB\asdf\e_1.png",320,240
 C,0,0,,0,0,0
 S,0,241925,,0.2
 M,31,243980,244665,20,247,30,247
 F,0,243980,244665,0,1
 F,0,244665,246720,1
 F,1,246720,247405,1,0
Sprite,Foreground,Centre,"SB\asdf\a_1.png",320,240
 C,0,0,,0,0,0
 S,0,241925,,0.2
 M,31,243980,244665,20,247,40,247
 F,0,243980,244665,0,1
 F,0,244665,246720,1
 F,1,246720,247405,1,0
Sprite,Foreground,Centre,"SB\asdf\q_2.png",320,240
 C,0,0,,0,0,0
 S,0,241925,,0.2
 M,31,243980,244665,20,247,53,247
 F,0,243980,244665,0,1
 F,0,244665,246720,1
 F,1,246720,247405,1,0
Sprite,Foreground,Centre,"SB\square.jpg",320,240
 C,0,0,,0,0,0
 M,0,241925,,20,258
 F,2,243980,244665,0,1
 F,0,244665,246720,1
 V,0,244665,246720,0.1,0.01,0.5,0.01
 F,1,246720,247405,1,0
Sprite,Foreground,Centre,"SB\pacman\layer0.png",320,240
 M,1,285811,286496,-112,247,20,247
 F,0,285811,286496,0,1
 S,0,285811,287866,0.2
 R,1,285811,288551,0,10
 F,0,286496,287866,1
 F,1,287866,288551,1,0
 S,29,287866,288551,0.2,0.05
Sprite,Foreground,Centre,"SB\pacman\layer1.png",320,240
 M,1,285811,286496,-112,247,20,247
 F,0,285811,286496,0,1
 S,0,285811,287866,0.22
 R,1,285811,288551,0.9,-6.1
 F,0,286496,287866,1
 F,1,287866,288551,1,0
 S,29,287866,288551,0.22,0.05
Sprite,Foreground,Centre,"SB\pacman\layer2.png",320,240
 M,1,285811,286496,-112,247,20,247
 F,0,285811,286496,0,1
 S,0,285811,287866,0.235
 R,1,285811,288551,0.6,6.6
 F,0,286496,287866,1
 F,1,287866,288551,1,0
 S,29,287866,288551,0.235,0.05
Sprite,Foreground,Centre,"SB\pacman\layer3.png",320,240
 M,1,285811,286496,-112,247,20,247
 F,0,285811,286496,0,1
 S,0,285811,287866,0.247
 R,1,285811,288551,0.9,-3.1
 F,0,286496,287866,1
 F,1,287866,288551,1,0
 S,29,287866,288551,0.247,0.05
Sprite,Foreground,Centre,"SB\pacman\core.png",320,240
 M,0,285811,,20,247
 F,0,287866,288551,0,1
 S,25,287866,289236,0.2,0.6
 F,0,288551,290606,1
 S,0,289236,290606,0.6
 F,0,290606,291291,1,0
 S,33,290606,291634,0.6,0.05
Sprite,Foreground,Centre,"SB\asdf\g_1.png",320,240
 C,0,0,,0,0,0
 S,0,285811,,0.2
 M,31,287866,288551,20,248,-12,248
 F,0,287866,288551,0,1
 F,0,288551,290606,1
 F,1,290606,291291,1,0
Sprite,Foreground,Centre,"SB\asdf\u_1.png",320,240
 C,0,0,,0,0,0
 S,0,285811,,0.2
 M,31,287866,288551,20,247,0,247
 F,0,287866,288551,0,1
 F,0,288551,290606,1
 F,1,290606,291291,1,0
Sprite,Foreground,Centre,"SB\asdf\i_1.png",320,240
 C,0,0,,0,0,0
 S,0,285811,,0.2
 M,31,287866,288551,20,246,10,246
 F,0,287866,288551,0,1
 F,0,288551,290606,1
 F,1,290606,291291,1,0
Sprite,Foreground,Centre,"SB\asdf\n_1.png",320,240
 C,0,0,,0,0,0
 S,0,285811,,0.2
 M,31,287866,288551,20,247
 F,0,287866,288551,0,1
 F,0,288551,290606,1
 F,1,290606,291291,1,0
Sprite,Foreground,Centre,"SB\asdf\e_1.png",320,240
 C,0,0,,0,0,0
 S,0,285811,,0.2
 M,31,287866,288551,20,247,30,247
 F,0,287866,288551,0,1
 F,0,288551,290606,1
 F,1,290606,291291,1,0
Sprite,Foreground,Centre,"SB\asdf\a_1.png",320,240
 C,0,0,,0,0,0
 S,0,285811,,0.2
 M,31,287866,288551,20,247,40,247
 F,0,287866,288551,0,1
 F,0,288551,290606,1
 F,1,290606,291291,1,0
Sprite,Foreground,Centre,"SB\asdf\q_2.png",320,240
 C,0,0,,0,0,0
 S,0,285811,,0.2
 M,31,287866,288551,20,247,53,247
 F,0,287866,288551,0,1
 F,0,288551,290606,1
 F,1,290606,291291,1,0
Sprite,Foreground,Centre,"SB\square.jpg",320,240
 C,0,0,,0,0,0
 M,0,285811,,20,258
 F,2,287866,288551,0,1
 F,0,288551,290606,1
 V,0,288551,290606,0.1,0.01,0.5,0.01
 F,1,290606,291291,1,0
Sprite,Foreground,Centre,"SB\pacman\layer0.png",320,240
 M,1,66382,67067,740,247,628,247
 F,0,66382,67067,0,1
 S,0,66382,68437,0.2
 R,1,66382,69122,0.3,10.3
 F,0,67067,68437,1
 F,1,68437,69122,1,0
 S,29,68437,69122,0.2,0.05
Sprite,Foreground,Centre,"SB\pacman\layer1.png",320,240
 M,1,66382,67067,740,247,628,247
 F,0,66382,67067,0,1
 S,0,66382,68437,0.22
 R,1,66382,69122,0.1,-6.9
 F,0,67067,68437,1
 F,1,68437,69122,1,0
 S,29,68437,69122,0.22,0.05
Sprite,Foreground,Centre,"SB\pacman\layer2.png",320,240
 M,1,66382,67067,740,247,628,247
 F,0,66382,67067,0,1
 S,0,66382,68437,0.235
 R,1,66382,69122,0.1,6.1
 F,0,67067,68437,1
 F,1,68437,69122,1,0
 S,29,68437,69122,0.235,0.05
Sprite,Foreground,Centre,"SB\pacman\layer3.png",320,240
 M,1,66382,67067,740,247,628,247
 F,0,66382,67067,0,1
 S,0,66382,68437,0.247
 R,1,66382,69122,0.7,-3.3
 F,0,67067,68437,1
 F,1,68437,69122,1,0
 S,29,68437,69122,0.247,0.05
Sprite,Foreground,Centre,"SB\pacman\core.png",320,240
 M,0,66382,,628,247
 F,0,68437,69122,0,1
 S,25,68437,69807,0.2,0.6
 F,0,69122,71177,1
 S,0,69807,71177,0.6
 F,0,71177,71862,1,0
 S,33,71177,72204,0.6,0.05
Sprite,Foreground,Centre,"SB\asdf\o_2.png",320,240
 C,0,0,,0,0,0
 S,0,66382,,0.2
 M,31,68437,69122,628,246,602,246
 F,0,68437,69122,0,1
 F,0,69122,71177,1
 F,1,71177,71862,1,0
Sprite,Foreground,Centre,"SB\asdf\n_1.png",320,240
 C,0,0,,0,0,0
 S,0,66382,,0.2
 M,31,68437,69122,628,247,613,247
 F,0,68437,69122,0,1
 F,0,69122,71177,1
 F,1,71177,71862,1,0
Sprite,Foreground,Centre,"SB\asdf\g_1.png",320,240
 C,0,0,,0,0,0
 S,0,66382,,0.2
 M,31,68437,69122,628,248,623,248
 F,0,68437,69122,0,1
 F,0,69122,71177,1
 F,1,71177,71862,1,0
Sprite,Foreground,Centre,"SB\asdf\a_1.png",320,240
 C,0,0,,0,0,0
 S,0,66382,,0.2
 M,31,68437,69122,628,247,633,247
 F,0,68437,69122,0,1
 F,0,69122,71177,1
 F,1,71177,71862,1,0
Sprite,Foreground,Centre,"SB\asdf\k_1.png",320,240
 C,0,0,,0,0,0
 S,0,66382,,0.2
 M,31,68437,69122,628,245,643,245
 F,0,68437,69122,0,1
 F,0,69122,71177,1
 F,1,71177,71862,1,0
Sprite,Foreground,Centre,"SB\asdf\u_1.png",320,240
 C,0,0,,0,0,0
 S,0,66382,,0.2
 M,31,68437,69122,628,247,653,247
 F,0,68437,69122,0,1
 F,0,69122,71177,1
 F,1,71177,71862,1,0
Sprite,Foreground,Centre,"SB\square.jpg",320,240
 C,0,0,,0,0,0
 M,0,66382,,628,258
 F,2,68437,69122,0,1
 F,0,69122,71177,1
 V,0,69122,71177,0.1,0.01,0.5,0.01
 F,1,71177,71862,1,0
Sprite,Foreground,Centre,"SB\pacman\layer0.png",320,240
 M,1,174725,175410,740,247,628,247
 F,0,174725,175410,0,1
 S,0,174725,176780,0.2
 R,1,174725,177465,0.8,10.8
 F,0,175410,176780,1
 F,1,176780,177465,1,0
 S,29,176780,177465,0.2,0.05
Sprite,Foreground,Centre,"SB\pacman\layer1.png",320,240
 M,1,174725,175410,740,247,628,247
 F,0,174725,175410,0,1
 S,0,174725,176780,0.22
 R,1,174725,177465,0.1,-6.9
 F,0,175410,176780,1
 F,1,176780,177465,1,0
 S,29,176780,177465,0.22,0.05
Sprite,Foreground,Centre,"SB\pacman\layer2.png",320,240
 M,1,174725,175410,740,247,628,247
 F,0,174725,175410,0,1
 S,0,174725,176780,0.235
 R,1,174725,177465,0.5,6.5
 F,0,175410,176780,1
 F,1,176780,177465,1,0
 S,29,176780,177465,0.235,0.05
Sprite,Foreground,Centre,"SB\pacman\layer3.png",320,240
 M,1,174725,175410,740,247,628,247
 F,0,174725,175410,0,1
 S,0,174725,176780,0.247
 R,1,174725,177465,0.3,-3.7
 F,0,175410,176780,1
 F,1,176780,177465,1,0
 S,29,176780,177465,0.247,0.05
Sprite,Foreground,Centre,"SB\pacman\core.png",320,240
 M,0,174725,,628,247
 F,0,176780,177465,0,1
 S,25,176780,178150,0.2,0.6
 F,0,177465,179520,1
 S,0,178150,179520,0.6
 F,0,179520,180205,1,0
 S,33,179520,180548,0.6,0.05
Sprite,Foreground,Centre,"SB\asdf\o_2.png",320,240
 C,0,0,,0,0,0
 S,0,174725,,0.2
 M,31,176780,177465,628,246,602,246
 F,0,176780,177465,0,1
 F,0,177465,179520,1
 F,1,179520,180205,1,0
Sprite,Foreground,Centre,"SB\asdf\n_1.png",320,240
 C,0,0,,0,0,0
 S,0,174725,,0.2
 M,31,176780,177465,628,247,613,247
 F,0,176780,177465,0,1
 F,0,177465,179520,1
 F,1,179520,180205,1,0
Sprite,Foreground,Centre,"SB\asdf\g_1.png",320,240
 C,0,0,,0,0,0
 S,0,174725,,0.2
 M,31,176780,177465,628,248,623,248
 F,0,176780,177465,0,1
 F,0,177465,179520,1
 F,1,179520,180205,1,0
Sprite,Foreground,Centre,"SB\asdf\a_1.png",320,240
 C,0,0,,0,0,0
 S,0,174725,,0.2
 M,31,176780,177465,628,247,633,247
 F,0,176780,177465,0,1
 F,0,177465,179520,1
 F,1,179520,180205,1,0
Sprite,Foreground,Centre,"SB\asdf\k_1.png",320,240
 C,0,0,,0,0,0
 S,0,174725,,0.2
 M,31,176780,177465,628,245,643,245
 F,0,176780,177465,0,1
 F,0,177465,179520,1
 F,1,179520,180205,1,0
Sprite,Foreground,Centre,"SB\asdf\u_1.png",320,240
 C,0,0,,0,0,0
 S,0,174725,,0.2
 M,31,176780,177465,628,247,653,247
 F,0,176780,177465,0,1
 F,0,177465,179520,1
 F,1,179520,180205,1,0
Sprite,Foreground,Centre,"SB\square.jpg",320,240
 C,0,0,,0,0,0
 M,0,174725,,628,258
 F,2,176780,177465,0,1
 F,0,177465,179520,1
 V,0,177465,179520,0.1,0.01,0.5,0.01
 F,1,179520,180205,1,0
Sprite,Foreground,Centre,"SB\pacman\layer0.png",320,240
 M,1,230954,231639,740,247,628,247
 F,0,230954,231639,0,1
 S,0,230954,233009,0.2
 R,1,230954,233694,0.2,10.2
 F,0,231639,233009,1
 F,1,233009,233694,1,0
 S,29,233009,233694,0.2,0.05
Sprite,Foreground,Centre,"SB\pacman\layer1.png",320,240
 M,1,230954,231639,740,247,628,247
 F,0,230954,231639,0,1
 S,0,230954,233009,0.22
 R,1,230954,233694,0,-7
 F,0,231639,233009,1
 F,1,233009,233694,1,0
 S,29,233009,233694,0.22,0.05
Sprite,Foreground,Centre,"SB\pacman\layer2.png",320,240
 M,1,230954,231639,740,247,628,247
 F,0,230954,231639,0,1
 S,0,230954,233009,0.235
 R,1,230954,233694,1,7
 F,0,231639,233009,1
 F,1,233009,233694,1,0
 S,29,233009,233694,0.235,0.05
Sprite,Foreground,Centre,"SB\pacman\layer3.png",320,240
 M,1,230954,231639,740,247,628,247
 F,0,230954,231639,0,1
 S,0,230954,233009,0.247
 R,1,230954,233694,0.4,-3.6
 F,0,231639,233009,1
 F,1,233009,233694,1,0
 S,29,233009,233694,0.247,0.05
Sprite,Foreground,Centre,"SB\pacman\core.png",320,240
 M,0,230954,,628,247
 F,0,233009,233694,0,1
 S,25,233009,234379,0.2,0.6
 F,0,233694,235749,1
 S,0,234379,235749,0.6
 F,0,235749,236434,1,0
 S,33,235749,236776,0.6,0.05
Sprite,Foreground,Centre,"SB\asdf\o_2.png",320,240
 C,0,0,,0,0,0
 S,0,230954,,0.2
 M,31,233009,233694,628,246,602,246
 F,0,233009,233694,0,1
 F,0,233694,235749,1
 F,1,235749,236434,1,0
Sprite,Foreground,Centre,"SB\asdf\n_1.png",320,240
 C,0,0,,0,0,0
 S,0,230954,,0.2
 M,31,233009,233694,628,247,613,247
 F,0,233009,233694,0,1
 F,0,233694,235749,1
 F,1,235749,236434,1,0
Sprite,Foreground,Centre,"SB\asdf\g_1.png",320,240
 C,0,0,,0,0,0
 S,0,230954,,0.2
 M,31,233009,233694,628,248,623,248
 F,0,233009,233694,0,1
 F,0,233694,235749,1
 F,1,235749,236434,1,0
Sprite,Foreground,Centre,"SB\asdf\a_1.png",320,240
 C,0,0,,0,0,0
 S,0,230954,,0.2
 M,31,233009,233694,628,247,633,247
 F,0,233009,233694,0,1
 F,0,233694,235749,1
 F,1,235749,236434,1,0
Sprite,Foreground,Centre,"SB\asdf\k_1.png",320,240
 C,0,0,,0,0,0
 S,0,230954,,0.2
 M,31,233009,233694,628,245,643,245
 F,0,233009,233694,0,1
 F,0,233694,235749,1
 F,1,235749,236434,1,0
Sprite,Foreground,Centre,"SB\asdf\u_1.png",320,240
 C,0,0,,0,0,0
 S,0,230954,,0.2
 M,31,233009,233694,628,247,653,247
 F,0,233009,233694,0,1
 F,0,233694,235749,1
 F,1,235749,236434,1,0
Sprite,Foreground,Centre,"SB\square.jpg",320,240
 C,0,0,,0,0,0
 M,0,230954,,628,258
 F,2,233009,233694,0,1
 F,0,233694,235749,1
 V,0,233694,235749,0.1,0.01,0.5,0.01
 F,1,235749,236434,1,0
Sprite,Foreground,Centre,"SB\pacman\layer0.png",320,240
 M,1,263868,264553,740,247,628,247
 F,0,263868,264553,0,1
 S,0,263868,265923,0.2
 R,1,263868,266608,0.1,10.1
 F,0,264553,265923,1
 F,1,265923,266608,1,0
 S,29,265923,266608,0.2,0.05
Sprite,Foreground,Centre,"SB\pacman\layer1.png",320,240
 M,1,263868,264553,740,247,628,247
 F,0,263868,264553,0,1
 S,0,263868,265923,0.22
 R,1,263868,266608,0.6,-6.4
 F,0,264553,265923,1
 F,1,265923,266608,1,0
 S,29,265923,266608,0.22,0.05
Sprite,Foreground,Centre,"SB\pacman\layer2.png",320,240
 M,1,263868,264553,740,247,628,247
 F,0,263868,264553,0,1
 S,0,263868,265923,0.235
 R,1,263868,266608,0.3,6.3
 F,0,264553,265923,1
 F,1,265923,266608,1,0
 S,29,265923,266608,0.235,0.05
Sprite,Foreground,Centre,"SB\pacman\layer3.png",320,240
 M,1,263868,264553,740,247,628,247
 F,0,263868,264553,0,1
 S,0,263868,265923,0.247
 R,1,263868,266608,0.9,-3.1
 F,0,264553,265923,1
 F,1,265923,266608,1,0
 S,29,265923,266608,0.247,0.05
Sprite,Foreground,Centre,"SB\pacman\core.png",320,240
 M,0,263868,,628,247
 F,0,265923,266608,0,1
 S,25,265923,267293,0.2,0.6
 F,0,266608,268663,1
 S,0,267293,268663,0.6
 F,0,268663,269348,1,0
 S,33,268663,269690,0.6,0.05
Sprite,Foreground,Centre,"SB\asdf\o_2.png",320,240
 C,0,0,,0,0,0
 S,0,263868,,0.2
 M,31,265923,266608,628,246,602,246
 F,0,265923,266608,0,1
 F,0,266608,268663,1
 F,1,268663,269348,1,0
Sprite,Foreground,Centre,"SB\asdf\n_1.png",320,240
 C,0,0,,0,0,0
 S,0,263868,,0.2
 M,31,265923,266608,628,247,613,247
 F,0,265923,266608,0,1
 F,0,266608,268663,1
 F,1,268663,269348,1,0
Sprite,Foreground,Centre,"SB\asdf\g_1.png",320,240
 C,0,0,,0,0,0
 S,0,263868,,0.2
 M,31,265923,266608,628,248,623,248
 F,0,265923,266608,0,1
 F,0,266608,268663,1
 F,1,268663,269348,1,0
Sprite,Foreground,Centre,"SB\asdf\a_1.png",320,240
 C,0,0,,0,0,0
 S,0,263868,,0.2
 M,31,265923,266608,628,247,633,247
 F,0,265923,266608,0,1
 F,0,266608,268663,1
 F,1,268663,269348,1,0
Sprite,Foreground,Centre,"SB\asdf\k_1.png",320,240
 C,0,0,,0,0,0
 S,0,263868,,0.2
 M,31,265923,266608,628,245,643,245
 F,0,265923,266608,0,1
 F,0,266608,268663,1
 F,1,268663,269348,1,0
Sprite,Foreground,Centre,"SB\asdf\u_1.png",320,240
 C,0,0,,0,0,0
 S,0,263868,,0.2
 M,31,265923,266608,628,247,653,247
 F,0,265923,266608,0,1
 F,0,266608,268663,1
 F,1,268663,269348,1,0
Sprite,Foreground,Centre,"SB\square.jpg",320,240
 C,0,0,,0,0,0
 M,0,263868,,628,258
 F,2,265923,266608,0,1
 F,0,266608,268663,1
 V,0,266608,268663,0.1,0.01,0.5,0.01
 F,1,268663,269348,1,0
Sprite,Foreground,Centre,"SB\ring.png",320,240
 F,2,462,554,0,1
 M,0,554,1290,216,155
 F,1,554,1290,1,0
 S,0,554,1290,0.2,1
Sprite,Foreground,Centre,"SB\ring.png",320,240
 F,2,21033,21125,0,1
 M,0,21125,21861,98,238
 F,1,21125,21861,1,0
 S,0,21125,21861,0.2,1
Sprite,Foreground,Centre,"SB\ring.png",320,240
 F,2,22404,22496,0,1
 M,0,22496,23232,369,360
 F,1,22496,23232,1,0
 S,0,22496,23232,0.2,1
Sprite,Foreground,Centre,"SB\ring.png",320,240
 F,2,44347,44439,0,1
 M,0,44439,45175,393,222
 F,1,44439,45175,1,0
 S,0,44439,45175,0.2,1
Sprite,Foreground,Centre,"SB\ring.png",320,240
 F,2,55319,55411,0,1
 M,0,55411,56147,381,324
 F,1,55411,56147,1,0
 S,0,55411,56147,0.2,1
Sprite,Foreground,Centre,"SB\ring.png",320,240
 F,2,60804,60896,0,1
 M,0,60896,61632,339,180
 F,1,60896,61632,1,0
 S,0,60896,61632,0.2,1
Sprite,Foreground,Centre,"SB\ring.png",320,240
 F,2,66290,66382,0,1
 M,0,66382,67118,510,324
 F,1,66382,67118,1,0
 S,0,66382,67118,0.2,1
Sprite,Foreground,Centre,"SB\ring.png",320,240
 F,2,99204,99296,0,1
 M,0,99296,100032,215,193
 F,1,99296,100032,1,0
 S,0,99296,100032,0.2,1
Sprite,Foreground,Centre,"SB\ring.png",320,240
 F,2,110176,110268,0,1
 M,0,110268,111004,354,101
 F,1,110268,111004,1,0
 S,0,110268,111004,0.2,1
Sprite,Foreground,Centre,"SB\ring.png",320,240
 F,2,121147,121239,0,1
 M,0,121239,121975,328,315
 F,1,121239,121975,1,0
 S,0,121239,121975,0.2,1
Sprite,Foreground,Centre,"SB\ring.png",320,240
 F,2,132119,132211,0,1
 M,0,132211,132947,245,235
 F,1,132211,132947,1,0
 S,0,132211,132947,0.2,1
Sprite,Foreground,Centre,"SB\ring.png",320,240
 F,2,143090,143182,0,1
 M,0,143182,143918,279,310
 F,1,143182,143918,1,0
 S,0,143182,143918,0.2,1
Sprite,Foreground,Centre,"SB\ring.png",320,240
 F,2,154062,154154,0,1
 M,0,154154,154890,230,387
 F,1,154154,154890,1,0
 S,0,154154,154890,0.2,1
Sprite,Foreground,Centre,"SB\ring.png",320,240
 F,2,165033,165125,0,1
 M,0,165125,165861,312,224
 F,1,165125,165861,1,0
 S,0,165125,165861,0.2,1
Sprite,Foreground,Centre,"SB\ring.png",320,240
 F,2,170519,170611,0,1
 M,0,170611,171347,237,194
 F,1,170611,171347,1,0
 S,0,170611,171347,0.2,1
Sprite,Foreground,Centre,"SB\ring.png",320,240
 F,2,173262,173354,0,1
 M,0,173354,174090,156,156
 F,1,173354,174090,1,0
 S,0,173354,174090,0.2,1
Sprite,Foreground,Centre,"SB\ring.png",320,240
 F,2,173776,173868,0,1
 M,0,173868,174604,320,375
 F,1,173868,174604,1,0
 S,0,173868,174604,0.2,1
Sprite,Foreground,Centre,"SB\ring.png",320,240
 F,2,174290,174382,0,1
 M,0,174382,175118,483,156
 F,1,174382,175118,1,0
 S,0,174382,175118,0.2,1
Sprite,Foreground,Centre,"SB\ring.png",320,240
 F,2,178747,178839,0,1
 M,0,178839,179575,454,288
 F,1,178839,179575,1,0
 S,0,178839,179575,0.2,1
Sprite,Foreground,Centre,"SB\ring.png",320,240
 F,2,186976,187068,0,1
 M,0,187068,187804,306,156
 F,1,187068,187804,1,0
 S,0,187068,187804,0.2,1
Sprite,Foreground,Centre,"SB\ring.png",320,240
 F,2,192462,192554,0,1
 M,0,192554,193290,284,313
 F,1,192554,193290,1,0
 S,0,192554,193290,0.2,1
Sprite,Foreground,Centre,"SB\ring.png",320,240
 F,2,196404,196496,0,1
 M,0,196496,197232,559,188
 F,1,196496,197232,1,0
 S,0,196496,197232,0.2,1
Sprite,Foreground,Centre,"SB\ring.png",320,240
 F,2,197947,198039,0,1
 M,0,198039,198775,493,304
 F,1,198039,198775,1,0
 S,0,198039,198775,0.2,1
Sprite,Foreground,Centre,"SB\ring.png",320,240
 F,2,240462,240554,0,1
 M,0,240554,241290,384,335
 F,1,240554,241290,1,0
 S,0,240554,241290,0.2,1
Sprite,Foreground,Centre,"SB\ring.png",320,240
 F,2,241833,241925,0,1
 M,0,241925,242661,224,338
 F,1,241925,242661,1,0
 S,0,241925,242661,0.2,1
Sprite,Foreground,Centre,"SB\ring.png",320,240
 F,2,252804,252896,0,1
 M,0,252896,253632,359,323
 F,1,252896,253632,1,0
 S,0,252896,253632,0.2,1
Sprite,Foreground,Centre,"SB\ring.png",320,240
 F,2,258290,258382,0,1
 M,0,258382,259118,462,204
 F,1,258382,259118,1,0
 S,0,258382,259118,0.2,1
Sprite,Foreground,Centre,"SB\ring.png",320,240
 F,2,263776,263868,0,1
 M,0,263868,264604,538,325
 F,1,263868,264604,1,0
 S,0,263868,264604,0.2,1
Sprite,Foreground,Centre,"SB\ring.png",320,240
 F,2,274747,274839,0,1
 M,0,274839,275575,180,308
 F,1,274839,275575,1,0
 S,0,274839,275575,0.2,1
Sprite,Foreground,Centre,"SB\ring.png",320,240
 F,2,284433,284525,0,1
 M,0,284525,285261,320,247
 F,1,284525,285261,1,0
 S,0,284525,285261,0.2,1
Sprite,Foreground,Centre,"SB\ring.png",320,240
 F,2,285719,285811,0,1
 M,0,285811,286547,293,127
 F,1,285811,286547,1,0
 S,0,285811,286547,0.2,1
Sprite,Foreground,Centre,"SB\highlight.png",320,240
 C,0,0,,255,145,210
 F,2,129382,129468,0,0.8
 M,0,129468,130844,384,311
 F,1,129468,130844,0.8,0
Sprite,Foreground,Centre,"SB\highlight.png",320,240
 C,0,0,,255,145,210
 F,2,129553,129639,0,0.8
 M,0,129639,131015,428,191
 F,1,129639,131015,0.8,0
Sprite,Foreground,Centre,"SB\highlight.png",320,240
 C,0,0,,255,145,210
 F,2,129725,129811,0,0.8
 M,0,129811,131187,321,119
 F,1,129811,131187,0.8,0
Sprite,Foreground,Centre,"SB\highlight.png",320,240
 C,0,0,,255,145,210
 F,2,129896,129982,0,0.8
 M,0,129982,131358,212,191
 F,1,129982,131358,0.8,0
Sprite,Foreground,Centre,"SB\highlight.png",320,240
 C,0,0,,255,145,210
 F,2,130068,130154,0,0.8
 M,0,130154,131530,256,311
 F,1,130154,131530,0.8,0
Sprite,Foreground,Centre,"SB\highlight.png",320,240
 C,0,0,,255,145,210
 F,2,130239,130325,0,0.8
 M,0,130325,131701,428,191
 F,1,130325,131701,0.8,0
Sprite,Foreground,Centre,"SB\highlight.png",320,240
 C,0,0,,255,145,210
 F,2,130410,130496,0,0.8
 M,0,130496,131872,212,191
 F,1,130496,131872,0.8,0
Sprite,Foreground,Centre,"SB\highlight.png",320,240
 C,0,0,,255,145,210
 F,2,130582,130668,0,0.8
 M,0,130668,132044,384,311
 F,1,130668,132044,0.8,0
Sprite,Foreground,Centre,"SB\highlight.png",320,240
 C,0,0,,227,130,49
 F,2,130753,130839,0,0.8
 M,0,130839,132215,321,119
 F,1,130839,132215,0.8,0
Sprite,Foreground,Centre,"SB\highlight.png",320,240
 C,0,0,,227,130,49
 F,2,130839,130925,0,0.8
 M,0,130925,132301,309,116
 F,1,130925,132301,0.8,0
Sprite,Foreground,Centre,"SB\highlight.png",320,240
 C,0,0,,227,130,49
 F,2,130925,131011,0,0.8
 M,0,131011,132387,297,114
 F,1,131011,132387,0.8,0
Sprite,Foreground,Centre,"SB\highlight.png",320,240
 C,0,0,,227,130,49
 F,2,131010,131096,0,0.8
 M,0,131096,132472,285,112
 F,1,131096,132472,0.8,0
Sprite,Foreground,Centre,"SB\highlight.png",320,240
 C,0,0,,227,130,49
 F,2,131096,131182,0,0.8
 M,0,131182,132558,273,111
 F,1,131182,132558,0.8,0
Sprite,Foreground,Centre,"SB\highlight.png",320,240
 C,0,0,,227,130,49
 F,2,131268,131354,0,0.8
 M,0,131354,132730,107,164
 F,1,131354,132730,0.8,0
Sprite,Foreground,Centre,"SB\highlight.png",320,240
 C,0,0,,28,221,255
 F,2,131439,131525,0,0.8
 M,0,131525,132125,320,215,320,362
 F,1,131525,132901,0.8,0
 M,0,132125,132901,320,362,320,215
Sprite,Foreground,Centre,"SB\highlight.png",320,240
 C,0,0,,0,120,219
 F,2,132125,132211,0,0.8
 M,0,132211,133587,245,235
 F,1,132211,133587,0.8,0
Sprite,Foreground,Centre,"SB\highlight.png",320,240
 C,0,0,,0,120,219
 F,2,132468,132554,0,0.8
 M,0,132554,133930,320,284
 F,1,132554,133930,0.8,0
Sprite,Foreground,Centre,"SB\highlight.png",320,240
 C,0,0,,0,120,219
 F,2,132639,132725,0,0.8
 M,0,132725,134101,412,298
 F,1,132725,134101,0.8,0
Sprite,Foreground,Centre,"SB\highlight.png",320,240
 C,0,0,,0,120,219
 F,2,132982,133068,0,0.8
 M,0,133068,134444,320,284
 F,1,133068,134444,0.8,0
Sprite,Foreground,Centre,"SB\highlight.png",320,240
 C,0,0,,0,120,219
 F,2,133153,133239,0,0.8
 M,0,133239,134615,412,298
 F,1,133239,134615,0.8,0
Sprite,Foreground,Centre,"SB\highlight.png",320,240
 C,0,0,,0,120,219
 F,2,133496,133582,0,0.8
 M,0,133582,134958,485,360
 F,1,133582,134958,0.8,0
Sprite,Foreground,Centre,"SB\highlight.png",320,240
 C,0,0,,255,145,210
 F,2,133668,133754,0,0.8
 M,0,133754,135130,379,131
 F,1,133754,135130,0.8,0
Sprite,Foreground,Centre,"SB\highlight.png",320,240
 C,0,0,,255,145,210
 F,2,133839,133925,0,0.8
 M,0,133925,135301,510,178
 F,1,133925,135301,0.8,0
Sprite,Foreground,Centre,"SB\highlight.png",320,240
 C,0,0,,255,145,210
 F,2,134182,134268,0,0.8
 M,0,134268,135644,287,149
 F,1,134268,135644,0.8,0
Sprite,Foreground,Centre,"SB\highlight.png",320,240
 C,0,0,,255,145,210
 F,2,134525,134611,0,0.8
 M,0,134611,135987,221,247
 F,1,134611,135987,0.8,0
Sprite,Foreground,Centre,"SB\highlight.png",320,240
 C,0,0,,227,130,49
 F,2,134868,134954,0,0.8
 M,0,134954,136330,111,186
 F,1,134954,136330,0.8,0
Sprite,Foreground,Centre,"SB\highlight.png",320,240
 C,0,0,,227,130,49
 F,2,135210,135296,0,0.8
 M,0,135296,136672,287,206
 F,1,135296,136672,0.8,0
Sprite,Foreground,Centre,"SB\highlight.png",320,240
 C,0,0,,227,130,49
 F,2,135382,135468,0,0.8
 M,0,135468,136844,380,215
 F,1,135468,136844,0.8,0
Sprite,Foreground,Centre,"SB\highlight.png",320,240
 C,0,0,,227,130,49
 F,2,135725,135811,0,0.8
 M,0,135811,137187,326,288
 F,1,135811,137187,0.8,0
Sprite,Foreground,Centre,"SB\highlight.png",320,240
 C,0,0,,227,130,49
 F,2,135896,135982,0,0.8
 M,0,135982,137358,418,300
 F,1,135982,137358,0.8,0
Sprite,Foreground,Centre,"SB\highlight.png",320,240
 C,0,0,,227,130,49
 F,2,136239,136325,0,0.8
 M,0,136325,137701,564,205
 F,1,136325,137701,0.8,0
Sprite,Foreground,Centre,"SB\highlight.png",320,240
 C,0,0,,227,130,49
 F,2,136410,136496,0,0.8
 M,0,136496,137872,497,81
 F,1,136496,137872,0.8,0
Sprite,Foreground,Centre,"SB\highlight.png",320,240
 C,0,0,,28,221,255
 F,2,136582,136668,0,0.8
 M,0,136668,138044,349,265
 F,1,136668,138044,0.8,0
Sprite,Foreground,Centre,"SB\highlight.png",320,240
 C,0,0,,28,221,255
 F,2,136925,137011,0,0.8
 M,0,137011,138387,429,229
 F,1,137011,138387,0.8,0
Sprite,Foreground,Centre,"SB\highlight.png",320,240
 C,0,0,,28,221,255
 F,2,137096,137182,0,0.8
 M,0,137182,138558,317,144
 F,1,137182,138558,0.8,0
Sprite,Foreground,Centre,"SB\highlight.png",320,240
 C,0,0,,28,221,255
 F,2,137268,137354,0,0.8
 M,0,137354,138730,360,352
 F,1,137354,138730,0.8,0
Sprite,Foreground,Centre,"SB\highlight.png",320,240
 C,0,0,,0,120,219
 F,2,137610,137696,0,0.8
 M,0,137696,139072,228,192
 F,1,137696,139072,0.8,0
Sprite,Foreground,Centre,"SB\highlight.png",320,240
 C,0,0,,0,120,219
 F,2,137782,137868,0,0.8
 M,0,137868,139244,292,317
 F,1,137868,139244,0.8,0
Sprite,Foreground,Centre,"SB\highlight.png",320,240
 C,0,0,,0,120,219
 F,2,137953,138039,0,0.8
 M,0,138039,139415,308,131
 F,1,138039,139415,0.8,0
Sprite,Foreground,Centre,"SB\highlight.png",320,240
 C,0,0,,0,120,219
 F,2,138125,138211,0,0.8
 M,0,138211,139587,214,369
 F,1,138211,139587,0.8,0
Sprite,Foreground,Centre,"SB\highlight.png",320,240
 C,0,0,,0,120,219
 F,2,138468,138554,0,0.8
 M,0,138554,139930,366,260
 F,1,138554,139930,0.8,0
Sprite,Foreground,Centre,"SB\highlight.png",320,240
 C,0,0,,0,120,219
 F,2,138639,138725,0,0.8
 M,0,138725,140101,172,145
 F,1,138725,140101,0.8,0
Sprite,Foreground,Centre,"SB\highlight.png",320,240
 C,0,0,,0,120,219
 F,2,138982,139068,0,0.8
 M,0,139068,140444,259,225
 F,1,139068,140444,0.8,0
Sprite,Foreground,Centre,"SB\highlight.png",320,240
 C,0,0,,0,120,219
 F,2,139153,139239,0,0.8
 M,0,139239,140615,336,173
 F,1,139239,140615,0.8,0
Sprite,Foreground,Centre,"SB\highlight.png",320,240
 C,0,0,,0,120,219
 F,2,139496,139582,0,0.8
 M,0,139582,140958,165,231
 F,1,139582,140958,0.8,0
Sprite,Foreground,Centre,"SB\highlight.png",320,240
 C,0,0,,255,145,210
 F,2,139668,139754,0,0.8
 M,0,139754,141130,400,213
 F,1,139754,141130,0.8,0
Sprite,Foreground,Centre,"SB\highlight.png",320,240
 C,0,0,,255,145,210
 F,2,140010,140096,0,0.8
 M,0,140096,141472,359,376
 F,1,140096,141472,0.8,0
Sprite,Foreground,Centre,"SB\highlight.png",320,240
 C,0,0,,255,145,210
 F,2,140353,140439,0,0.8
 M,0,140439,141815,442,337
 F,1,140439,141815,0.8,0
Sprite,Foreground,Centre,"SB\highlight.png",320,240
 C,0,0,,255,145,210
 F,2,140525,140611,0,0.8
 M,0,140611,141987,336,173
 F,1,140611,141987,0.8,0
Sprite,Foreground,Centre,"SB\highlight.png",320,240
 C,0,0,,255,145,210
 F,2,140696,140782,0,0.8
 M,0,140782,142158,354,311
 F,1,140782,142158,0.8,0
Sprite,Foreground,Centre,"SB\highlight.png",320,240
 C,0,0,,255,145,210
 F,2,140868,140954,0,0.8
 M,0,140954,142330,404,130
 F,1,140954,142330,0.8,0
Sprite,Foreground,Centre,"SB\highlight.png",320,240
 C,0,0,,255,145,210
 F,2,141210,141296,0,0.8
 M,0,141296,142672,255,141
 F,1,141296,142672,0.8,0
Sprite,Foreground,Centre,"SB\highlight.png",320,240
 C,0,0,,255,145,210
 F,2,141382,141468,0,0.8
 M,0,141468,142844,188,89
 F,1,141468,142844,0.8,0
Sprite,Foreground,Centre,"SB\highlight.png",320,240
 C,0,0,,255,145,210
 F,2,141725,141811,0,0.8
 M,0,141811,143187,247,227
 F,1,141811,143187,0.8,0
Sprite,Foreground,Centre,"SB\highlight.png",320,240
 C,0,0,,227,130,49
 F,2,141896,141982,0,0.8
 M,0,141982,143358,323,93
 F,1,141982,143358,0.8,0
Sprite,Foreground,Centre,"SB\highlight.png",320,240
 C,0,0,,227,130,49
 F,2,142068,142154,0,0.8
 M,0,142154,143530,409,203
 F,1,142154,143530,0.8,0
Sprite,Foreground,Centre,"SB\highlight.png",320,240
 C,0,0,,227,130,49
 F,2,142410,142496,0,0.8
 M,0,142496,143872,320,391
 F,1,142496,143872,0.8,0
Sprite,Foreground,Centre,"SB\highlight.png",320,240
 C,0,0,,227,130,49
 F,2,142582,142668,0,0.8
 M,0,142668,144044,348,253
 F,1,142668,144044,0.8,0
Sprite,Foreground,Centre,"SB\highlight.png",320,240
 C,0,0,,227,130,49
 F,2,142753,142839,0,0.8
 M,0,142839,144215,409,378
 F,1,142839,144215,0.8,0
Sprite,Foreground,Centre,"SB\highlight.png",320,240
 C,0,0,,28,221,255
 F,2,143096,143182,0,0.8
 M,0,143182,144558,279,310
 F,1,143182,144558,0.8,0
Sprite,Foreground,Centre,"SB\highlight.png",320,240
 C,0,0,,28,221,255
 F,2,143439,143525,0,0.8
 M,0,143525,144901,418,291
 F,1,143525,144901,0.8,0
Sprite,Foreground,Centre,"SB\highlight.png",320,240
 C,0,0,,28,221,255
 F,2,143610,143696,0,0.8
 M,0,143696,145072,507,183
 F,1,143696,145072,0.8,0
Sprite,Foreground,Centre,"SB\highlight.png",320,240
 C,0,0,,28,221,255
 F,2,143953,144039,0,0.8
 M,0,144039,145415,430,200
 F,1,144039,145415,0.8,0
Sprite,Foreground,Centre,"SB\highlight.png",320,240
 C,0,0,,28,221,255
 F,2,144125,144211,0,0.8
 M,0,144211,145587,341,90
 F,1,144211,145587,0.8,0
Sprite,Foreground,Centre,"SB\highlight.png",320,240
 C,0,0,,28,221,255
 F,2,144468,144554,0,0.8
 M,0,144554,145930,428,300
 F,1,144554,145930,0.8,0
Sprite,Foreground,Centre,"SB\highlight.png",320,240
 C,0,0,,28,221,255
 F,2,144639,144725,0,0.8
 M,0,144725,146101,426,113
 F,1,144725,146101,0.8,0
Sprite,Foreground,Centre,"SB\highlight.png",320,240
 C,0,0,,28,221,255
 F,2,144810,144896,0,0.8
 M,0,144896,146272,337,277
 F,1,144896,146272,0.8,0
Sprite,Foreground,Centre,"SB\highlight.png",320,240
 C,0,0,,28,221,255
 F,2,144982,145068,0,0.8
 M,0,145068,146444,489,167
 F,1,145068,146444,0.8,0
Sprite,Foreground,Centre,"SB\highlight.png",320,240
 C,0,0,,0,120,219
 F,2,145153,145239,0,0.8
 M,0,145239,146615,305,200
 F,1,145239,146615,0.8,0
Sprite,Foreground,Centre,"SB\highlight.png",320,240
 C,0,0,,0,120,219
 F,2,145496,145582,0,0.8
 M,0,145582,146958,428,300
 F,1,145582,146958,0.8,0
Sprite,Foreground,Centre,"SB\highlight.png",320,240
 C,0,0,,0,120,219
 F,2,145839,145925,0,0.8
 M,0,145925,147301,448,391
 F,1,145925,147301,0.8,0
Sprite,Foreground,Centre,"SB\highlight.png",320,240
 C,0,0,,0,120,219
 F,2,146010,146096,0,0.8
 M,0,146096,147472,395,212
 F,1,146096,147472,0.8,0
Sprite,Foreground,Centre,"SB\highlight.png",320,240
 C,0,0,,0,120,219
 F,2,146182,146268,0,0.8
 M,0,146268,147644,351,394
 F,1,146268,147644,0.8,0
Sprite,Foreground,Centre,"SB\highlight.png",320,240
 C,0,0,,0,120,219
 F,2,146353,146439,0,0.8
 M,0,146439,147815,467,248
 F,1,146439,147815,0.8,0
Sprite,Foreground,Centre,"SB\highlight.png",320,240
 C,0,0,,0,120,219
 F,2,146696,146782,0,0.8
 M,0,146782,148158,331,297
 F,1,146782,148158,0.8,0
Sprite,Foreground,Centre,"SB\highlight.png",320,240
 C,0,0,,0,120,219
 F,2,146868,146954,0,0.8
 M,0,146954,148330,288,114
 F,1,146954,148330,0.8,0
Sprite,Foreground,Centre,"SB\highlight.png",320,240
 C,0,0,,0,120,219
 F,2,147210,147296,0,0.8
 M,0,147296,148672,287,213
 F,1,147296,148672,0.8,0
Sprite,Foreground,Centre,"SB\highlight.png",320,240
 C,0,0,,255,145,210
 F,2,147382,147468,0,0.8
 M,0,147468,148844,203,99
 F,1,147468,148844,0.8,0
Sprite,Foreground,Centre,"SB\highlight.png",320,240
 C,0,0,,255,145,210
 F,2,147553,147639,0,0.8
 M,0,147639,149015,173,283
 F,1,147639,149015,0.8,0
Sprite,Foreground,Centre,"SB\highlight.png",320,240
 C,0,0,,255,145,210
 F,2,147725,147811,0,0.8
 M,0,147811,149187,141,194
 F,1,147811,149187,0.8,0
Sprite,Foreground,Centre,"SB\highlight.png",320,240
 C,0,0,,255,145,210
 F,2,147896,147982,0,0.8
 M,0,147982,149358,254,341
 F,1,147982,149358,0.8,0
Sprite,Foreground,Centre,"SB\highlight.png",320,240
 C,0,0,,255,145,210
 F,2,148068,148154,0,0.8
 M,0,148154,149530,286,108
 F,1,148154,149530,0.8,0
Sprite,Foreground,Centre,"SB\highlight.png",320,240
 C,0,0,,255,145,210
 F,2,148239,148325,0,0.8
 M,0,148325,149701,225,255
 F,1,148325,149701,0.8,0
Sprite,Foreground,Centre,"SB\highlight.png",320,240
 C,0,0,,227,130,49
 F,2,148582,148668,0,0.8
 M,0,148668,150044,315,298
 F,1,148668,150044,0.8,0
Sprite,Foreground,Centre,"SB\highlight.png",320,240
 C,0,0,,227,130,49
 F,2,148925,149011,0,0.8
 M,0,149011,150387,180,342
 F,1,149011,150387,0.8,0
Sprite,Foreground,Centre,"SB\highlight.png",320,240
 C,0,0,,227,130,49
 F,2,149096,149182,0,0.8
 M,0,149182,150558,286,212
 F,1,149182,150558,0.8,0
Sprite,Foreground,Centre,"SB\highlight.png",320,240
 C,0,0,,227,130,49
 F,2,149439,149525,0,0.8
 M,0,149525,150901,453,323
 F,1,149525,150901,0.8,0
Sprite,Foreground,Centre,"SB\highlight.png",320,240
 C,0,0,,227,130,49
 F,2,149610,149696,0,0.8
 M,0,149696,151072,543,160
 F,1,149696,151072,0.8,0
Sprite,Foreground,Centre,"SB\highlight.png",320,240
 C,0,0,,227,130,49
 F,2,149953,150039,0,0.8
 M,0,150039,151415,460,182
 F,1,150039,151415,0.8,0
Sprite,Foreground,Centre,"SB\highlight.png",320,240
 C,0,0,,28,221,255
 F,2,150125,150211,0,0.8
 M,0,150211,151587,350,93
 F,1,150211,151587,0.8,0
Sprite,Foreground,Centre,"SB\highlight.png",320,240
 C,0,0,,28,221,255
 F,2,150296,150382,0,0.8
 M,0,150382,151758,323,277
 F,1,150382,151758,0.8,0
Sprite,Foreground,Centre,"SB\highlight.png",320,240
 C,0,0,,28,221,255
 F,2,150468,150554,0,0.8
 M,0,150554,151930,276,144
 F,1,150554,151930,0.8,0
Sprite,Foreground,Centre,"SB\highlight.png",320,240
 C,0,0,,28,221,255
 F,2,150639,150725,0,0.8
 M,0,150725,152101,259,329
 F,1,150725,152101,0.8,0
Sprite,Foreground,Centre,"SB\highlight.png",320,240
 C,0,0,,28,221,255
 F,2,150982,151068,0,0.8
 M,0,151068,152444,386,226
 F,1,151068,152444,0.8,0
Sprite,Foreground,Centre,"SB\highlight.png",320,240
 C,0,0,,227,130,49
 F,2,154068,154154,0,0.8
 M,0,154154,155530,230,387
 F,1,154154,155530,0.8,0
Sprite,Foreground,Centre,"SB\highlight.png",320,240
 C,0,0,,227,130,49
 F,2,154410,154496,0,0.8
 M,0,154496,155872,296,149
 F,1,154496,155872,0.8,0
Sprite,Foreground,Centre,"SB\highlight.png",320,240
 C,0,0,,227,130,49
 F,2,154582,154668,0,0.8
 M,0,154668,156044,204,320
 F,1,154668,156044,0.8,0
Sprite,Foreground,Centre,"SB\highlight.png",320,240
 C,0,0,,227,130,49
 F,2,154925,155011,0,0.8
 M,0,155011,156387,144,125
 F,1,155011,156387,0.8,0
Sprite,Foreground,Centre,"SB\highlight.png",320,240
 C,0,0,,28,221,255
 F,2,155096,155182,0,0.8
 M,0,155182,156558,295,244
 F,1,155182,156558,0.8,0
Sprite,Foreground,Centre,"SB\highlight.png",320,240
 C,0,0,,28,221,255
 F,2,155439,155525,0,0.8
 M,0,155525,156901,159,153
 F,1,155525,156901,0.8,0
Sprite,Foreground,Centre,"SB\highlight.png",320,240
 C,0,0,,28,221,255
 F,2,155610,155696,0,0.8
 M,0,155696,157072,223,329
 F,1,155696,157072,0.8,0
Sprite,Foreground,Centre,"SB\highlight.png",320,240
 C,0,0,,28,221,255
 F,2,155782,155868,0,0.8
 M,0,155868,157244,417,255
 F,1,155868,157244,0.8,0
Sprite,Foreground,Centre,"SB\highlight.png",320,240
 C,0,0,,28,221,255
 F,2,156296,156382,0,0.8
 M,0,156382,157758,397,389
 F,1,156382,157758,0.8,0
Sprite,Foreground,Centre,"SB\highlight.png",320,240
 C,0,0,,28,221,255
 F,2,156468,156554,0,0.8
 M,0,156554,157930,305,228
 F,1,156554,157930,0.8,0
Sprite,Foreground,Centre,"SB\highlight.png",320,240
 C,0,0,,0,120,219
 F,2,156810,156896,0,0.8
 M,0,156896,158272,204,278
 F,1,156896,158272,0.8,0
Sprite,Foreground,Centre,"SB\highlight.png",320,240
 C,0,0,,0,120,219
 F,2,156982,157068,0,0.8
 M,0,157068,158444,308,134
 F,1,157068,158444,0.8,0
Sprite,Foreground,Centre,"SB\highlight.png",320,240
 C,0,0,,0,120,219
 F,2,157153,157239,0,0.8
 M,0,157239,158615,161,301
 F,1,157239,158615,0.8,0
Sprite,Foreground,Centre,"SB\highlight.png",320,240
 C,0,0,,0,120,219
 F,2,157325,157411,0,0.8
 M,0,157411,158787,308,134
 F,1,157411,158787,0.8,0
Sprite,Foreground,Centre,"SB\highlight.png",320,240
 C,0,0,,0,120,219
 F,2,157668,157754,0,0.8
 M,0,157754,159130,387,299
 F,1,157754,159130,0.8,0
Sprite,Foreground,Centre,"SB\highlight.png",320,240
 C,0,0,,0,120,219
 F,2,157839,157925,0,0.8
 M,0,157925,159301,244,198
 F,1,157925,159301,0.8,0
Sprite,Foreground,Centre,"SB\highlight.png",320,240
 C,0,0,,255,145,210
 F,2,158182,158268,0,0.8
 M,0,158268,159644,461,203
 F,1,158268,159644,0.8,0
Sprite,Foreground,Centre,"SB\highlight.png",320,240
 C,0,0,,255,145,210
 F,2,158525,158611,0,0.8
 M,0,158611,159987,213,321
 F,1,158611,159987,0.8,0
Sprite,Foreground,Centre,"SB\highlight.png",320,240
 C,0,0,,255,145,210
 F,2,158868,158954,0,0.8
 M,0,158954,160330,220,162
 F,1,158954,160330,0.8,0
Sprite,Foreground,Centre,"SB\highlight.png",320,240
 C,0,0,,255,145,210
 F,2,159039,159125,0,0.8
 M,0,159125,160501,220,162
 F,1,159125,160501,0.8,0
Sprite,Foreground,Centre,"SB\highlight.png",320,240
 C,0,0,,255,145,210
 F,2,159210,159296,0,0.8
 M,0,159296,160672,322,357
 F,1,159296,160672,0.8,0
Sprite,Foreground,Centre,"SB\highlight.png",320,240
 C,0,0,,227,130,49
 F,2,159553,159639,0,0.8
 M,0,159639,161015,309,204
 F,1,159639,161015,0.8,0
Sprite,Foreground,Centre,"SB\highlight.png",320,240
 C,0,0,,227,130,49
 F,2,159896,159982,0,0.8
 M,0,159982,161358,176,69
 F,1,159982,161358,0.8,0
Sprite,Foreground,Centre,"SB\highlight.png",320,240
 C,0,0,,227,130,49
 F,2,160068,160154,0,0.8
 M,0,160154,161530,94,194
 F,1,160154,161530,0.8,0
Sprite,Foreground,Centre,"SB\highlight.png",320,240
 C,0,0,,227,130,49
 F,2,160410,160496,0,0.8
 M,0,160496,161872,215,283
 F,1,160496,161872,0.8,0
Sprite,Foreground,Centre,"SB\highlight.png",320,240
 C,0,0,,227,130,49
 F,2,160582,160668,0,0.8
 M,0,160668,162044,401,170
 F,1,160668,162044,0.8,0
Sprite,Foreground,Centre,"SB\highlight.png",320,240
 C,0,0,,28,221,255
 F,2,160925,161011,0,0.8
 M,0,161011,162387,312,294
 F,1,161011,162387,0.8,0
Sprite,Foreground,Centre,"SB\highlight.png",320,240
 C,0,0,,28,221,255
 F,2,161096,161182,0,0.8
 M,0,161182,162558,259,118
 F,1,161182,162558,0.8,0
Sprite,Foreground,Centre,"SB\highlight.png",320,240
 C,0,0,,28,221,255
 F,2,161268,161354,0,0.8
 M,0,161354,162730,147,263
 F,1,161354,162730,0.8,0
Sprite,Foreground,Centre,"SB\highlight.png",320,240
 C,0,0,,28,221,255
 F,2,161782,161868,0,0.8
 M,0,161868,163244,235,409
 F,1,161868,163244,0.8,0
Sprite,Foreground,Centre,"SB\highlight.png",320,240
 C,0,0,,28,221,255
 F,2,161953,162039,0,0.8
 M,0,162039,163415,317,193
 F,1,162039,163415,0.8,0
Sprite,Foreground,Centre,"SB\highlight.png",320,240
 C,0,0,,0,120,219
 F,2,162296,162382,0,0.8
 M,0,162382,163758,413,268
 F,1,162382,163758,0.8,0
Sprite,Foreground,Centre,"SB\highlight.png",320,240
 C,0,0,,0,120,219
 F,2,162468,162554,0,0.8
 M,0,162554,163930,250,303
 F,1,162554,163930,0.8,0
Sprite,Foreground,Centre,"SB\highlight.png",320,240
 C,0,0,,0,120,219
 F,2,162639,162725,0,0.8
 M,0,162725,164101,466,255
 F,1,162725,164101,0.8,0
Sprite,Foreground,Centre,"SB\highlight.png",320,240
 C,0,0,,0,120,219
 F,2,162810,162896,0,0.8
 M,0,162896,164272,250,303
 F,1,162896,164272,0.8,0
Sprite,Foreground,Centre,"SB\highlight.png",320,240
 C,0,0,,0,120,219
 F,2,163153,163239,0,0.8
 M,0,163239,164615,298,407
 F,1,163239,164615,0.8,0
Sprite,Foreground,Centre,"SB\highlight.png",320,240
 C,0,0,,0,120,219
 F,2,163325,163411,0,0.8
 M,0,163411,164787,317,193
 F,1,163411,164787,0.8,0
Sprite,Foreground,Centre,"SB\highlight.png",320,240
 C,0,0,,255,145,210
 F,2,163668,163754,0,0.8
 M,0,163754,165130,250,303
 F,1,163754,165130,0.8,0
Sprite,Foreground,Centre,"SB\highlight.png",320,240
 C,0,0,,255,145,210
 F,2,163839,163925,0,0.8
 M,0,163925,165301,204,161
 F,1,163925,165301,0.8,0
Sprite,Foreground,Centre,"SB\highlight.png",320,240
 C,0,0,,255,145,210
 F,2,164010,164096,0,0.8
 M,0,164096,165472,145,297
 F,1,164096,165472,0.8,0
Sprite,Foreground,Centre,"SB\highlight.png",320,240
 C,0,0,,255,145,210
 F,2,164182,164268,0,0.8
 M,0,164268,165644,132,117
 F,1,164268,165644,0.8,0
Sprite,Foreground,Centre,"SB\highlight.png",320,240
 C,0,0,,255,145,210
 F,2,164353,164439,0,0.8
 M,0,164439,165815,250,303
 F,1,164439,165815,0.8,0
Sprite,Foreground,Centre,"SB\highlight.png",320,240
 C,0,0,,255,145,210
 F,2,164525,164611,0,0.8
 M,0,164611,165987,286,127
 F,1,164611,165987,0.8,0
Sprite,Foreground,Centre,"SB\highlight.png",320,240
 C,0,0,,255,145,210
 F,2,164696,164782,0,0.8
 M,0,164782,166158,145,297
 F,1,164782,166158,0.8,0
Sprite,Foreground,Centre,"SB\highlight.png",320,240
 C,0,0,,255,145,210
 F,2,164868,164954,0,0.8
 M,0,164954,166330,132,117
 F,1,164954,166330,0.8,0
Sprite,Foreground,Centre,"SB\highlight.png",320,240
 C,0,0,,227,130,49
 F,2,165039,165125,0,0.8
 M,0,165125,166501,312,224
 F,1,165125,166501,0.8,0
Sprite,Foreground,Centre,"SB\highlight.png",320,240
 C,0,0,,227,130,49
 F,2,165382,165468,0,0.8
 M,0,165468,166844,244,343
 F,1,165468,166844,0.8,0
Sprite,Foreground,Centre,"SB\highlight.png",320,240
 C,0,0,,227,130,49
 F,2,165553,165639,0,0.8
 M,0,165639,167015,144,179
 F,1,165639,167015,0.8,0
Sprite,Foreground,Centre,"SB\highlight.png",320,240
 C,0,0,,227,130,49
 F,2,165896,165982,0,0.8
 M,0,165982,167358,67,274
 F,1,165982,167358,0.8,0
Sprite,Foreground,Centre,"SB\highlight.png",320,240
 C,0,0,,227,130,49
 F,2,166068,166154,0,0.8
 M,0,166154,167530,237,211
 F,1,166154,167530,0.8,0
Sprite,Foreground,Centre,"SB\highlight.png",320,240
 C,0,0,,227,130,49
 F,2,166239,166325,0,0.8
 M,0,166325,167701,237,211
 F,1,166325,167701,0.8,0
Sprite,Foreground,Centre,"SB\highlight.png",320,240
 C,0,0,,28,221,255
 F,2,166410,166496,0,0.8
 M,0,166496,167872,280,393
 F,1,166496,167872,0.8,0
Sprite,Foreground,Centre,"SB\highlight.png",320,240
 C,0,0,,28,221,255
 F,2,166582,166668,0,0.8
 M,0,166668,168044,413,335
 F,1,166668,168044,0.8,0
Sprite,Foreground,Centre,"SB\highlight.png",320,240
 C,0,0,,28,221,255
 F,2,166753,166839,0,0.8
 M,0,166839,168215,245,247
 F,1,166839,168215,0.8,0
Sprite,Foreground,Centre,"SB\highlight.png",320,240
 C,0,0,,28,221,255
 F,2,167096,167182,0,0.8
 M,0,167182,168558,315,175
 F,1,167182,168558,0.8,0
Sprite,Foreground,Centre,"SB\highlight.png",320,240
 C,0,0,,28,221,255
 F,2,167268,167354,0,0.8
 M,0,167354,168730,240,344
 F,1,167354,168730,0.8,0
Sprite,Foreground,Centre,"SB\highlight.png",320,240
 C,0,0,,28,221,255
 F,2,167439,167525,0,0.8
 M,0,167525,168901,337,150
 F,1,167525,168901,0.8,0
Sprite,Foreground,Centre,"SB\highlight.png",320,240
 C,0,0,,0,120,219
 F,2,167782,167868,0,0.8
 M,0,167868,169244,432,236
 F,1,167868,169244,0.8,0
Sprite,Foreground,Centre,"SB\highlight.png",320,240
 C,0,0,,0,120,219
 F,2,167953,168039,0,0.8
 M,0,168039,169415,229,190
 F,1,168039,169415,0.8,0
Sprite,Foreground,Centre,"SB\highlight.png",320,240
 C,0,0,,0,120,219
 F,2,168125,168211,0,0.8
 M,0,168211,169587,432,236
 F,1,168211,169587,0.8,0
Sprite,Foreground,Centre,"SB\highlight.png",320,240
 C,0,0,,0,120,219
 F,2,168296,168382,0,0.8
 M,0,168382,169758,303,345
 F,1,168382,169758,0.8,0
Sprite,Foreground,Centre,"SB\highlight.png",320,240
 C,0,0,,0,120,219
 F,2,168639,168725,0,0.8
 M,0,168725,170101,72,396
 F,1,168725,170101,0.8,0
Sprite,Foreground,Centre,"SB\highlight.png",320,240
 C,0,0,,0,120,219
 F,2,168810,168896,0,0.8
 M,0,168896,170272,115,204
 F,1,168896,170272,0.8,0
Sprite,Foreground,Centre,"SB\highlight.png",320,240
 C,0,0,,255,145,210
 F,2,169153,169239,0,0.8
 M,0,169239,170615,285,400
 F,1,169239,170615,0.8,0
Sprite,Foreground,Centre,"SB\highlight.png",320,240
 C,0,0,,255,145,210
 F,2,169496,169582,0,0.8
 M,0,169582,170958,238,103
 F,1,169582,170958,0.8,0
Sprite,Foreground,Centre,"SB\highlight.png",320,240
 C,0,0,,255,145,210
 F,2,169839,169925,0,0.8
 M,0,169925,171301,340,190
 F,1,169925,171301,0.8,0
Sprite,Foreground,Centre,"SB\highlight.png",320,240
 C,0,0,,255,145,210
 F,2,170010,170096,0,0.8
 M,0,170096,171472,340,190
 F,1,170096,171472,0.8,0
Sprite,Foreground,Centre,"SB\highlight.png",320,240
 C,0,0,,255,145,210
 F,2,170182,170268,0,0.8
 M,0,170268,171644,179,282
 F,1,170268,171644,0.8,0
Sprite,Foreground,Centre,"SB\highlight.png",320,240
 C,0,0,,227,130,49
 F,2,170525,170611,0,0.8
 M,0,170611,171987,237,194
 F,1,170611,171987,0.8,0
Sprite,Foreground,Centre,"SB\highlight.png",320,240
 C,0,0,,227,130,49
 F,2,170868,170954,0,0.8
 M,0,170954,172330,343,241
 F,1,170954,172330,0.8,0
Sprite,Foreground,Centre,"SB\highlight.png",320,240
 C,0,0,,227,130,49
 F,2,171039,171125,0,0.8
 M,0,171125,172501,159,313
 F,1,171125,172501,0.8,0
Sprite,Foreground,Centre,"SB\highlight.png",320,240
 C,0,0,,227,130,49
 F,2,171382,171468,0,0.8
 M,0,171468,172844,228,210
 F,1,171468,172844,0.8,0
Sprite,Foreground,Centre,"SB\highlight.png",320,240
 C,0,0,,227,130,49
 F,2,171553,171639,0,0.8
 M,0,171639,173015,324,376
 F,1,171639,173015,0.8,0
Sprite,Foreground,Centre,"SB\highlight.png",320,240
 C,0,0,,28,221,255
 F,2,171896,171982,0,0.8
 M,0,171982,173358,188,176
 F,1,171982,173358,0.8,0
Sprite,Foreground,Centre,"SB\highlight.png",320,240
 C,0,0,,28,221,255
 F,2,172068,172154,0,0.8
 M,0,172154,173530,219,332
 F,1,172154,173530,0.8,0
Sprite,Foreground,Centre,"SB\highlight.png",320,240
 C,0,0,,28,221,255
 F,2,172239,172325,0,0.8
 M,0,172325,173701,307,197
 F,1,172325,173701,0.8,0
Sprite,Foreground,Centre,"SB\highlight.png",320,240
 C,0,0,,28,221,255
 F,2,172753,172839,0,0.8
 M,0,172839,174215,428,299
 F,1,172839,174215,0.8,0
Sprite,Foreground,Centre,"SB\highlight.png",320,240
 C,0,0,,28,221,255
 F,2,172925,173011,0,0.8
 M,0,173011,174387,496,146
 F,1,173011,174387,0.8,0
Sprite,Foreground,Centre,"SB\highlight.png",320,240
 C,0,0,,28,221,255
 F,2,238753,238839,0,0.8
 M,0,238839,240215,428,216
 F,1,238839,240215,0.8,0
Sprite,Foreground,Centre,"SB\highlight.png",320,240
 C,0,0,,28,221,255
 F,2,238925,239011,0,0.8
 M,0,239011,240387,320,97
 F,1,239011,240387,0.8,0
Sprite,Foreground,Centre,"SB\highlight.png",320,240
 C,0,0,,0,120,219
 F,2,239096,239182,0,0.8
 M,0,239182,240558,212,216
 F,1,239182,240558,0.8,0
Sprite,Foreground,Centre,"SB\highlight.png",320,240
 C,0,0,,0,120,219
 F,2,239268,239354,0,0.8
 M,0,239354,240730,256,335
 F,1,239354,240730,0.8,0
Sprite,Foreground,Centre,"SB\highlight.png",320,240
 C,0,0,,0,120,219
 F,2,239439,239525,0,0.8
 M,0,239525,240901,384,335
 F,1,239525,240901,0.8,0
Sprite,Foreground,Centre,"SB\highlight.png",320,240
 C,0,0,,0,120,219
 F,2,239610,239696,0,0.8
 M,0,239696,241072,428,216
 F,1,239696,241072,0.8,0
Sprite,Foreground,Centre,"SB\highlight.png",320,240
 C,0,0,,0,120,219
 F,2,239782,239868,0,0.8
 M,0,239868,241244,320,146
 F,1,239868,241244,0.8,0
Sprite,Foreground,Centre,"SB\highlight.png",320,240
 C,0,0,,0,120,219
 F,2,239953,240039,0,0.8
 M,0,240039,241415,256,335
 F,1,240039,241415,0.8,0
Sprite,Foreground,Centre,"SB\highlight.png",320,240
 C,0,0,,0,120,219
 F,2,240125,240211,0,0.8
 M,0,240211,241587,428,216
 F,1,240211,241587,0.8,0
Sprite,Foreground,Centre,"SB\highlight.png",320,240
 C,0,0,,0,120,219
 F,2,240296,240382,0,0.8
 M,0,240382,241758,212,216
 F,1,240382,241758,0.8,0
Sprite,Foreground,Centre,"SB\highlight.png",320,240
 C,0,0,,255,145,210
 F,2,240468,240554,0,0.8
 M,0,240554,241930,384,335
 F,1,240554,241930,0.8,0
Sprite,Foreground,Centre,"SB\highlight.png",320,240
 C,0,0,,255,145,210
 F,2,240553,240639,0,0.8
 M,0,240639,242015,392,337
 F,1,240639,242015,0.8,0
Sprite,Foreground,Centre,"SB\highlight.png",320,240
 C,0,0,,255,145,210
 F,2,240639,240725,0,0.8
 M,0,240725,242101,400,338
 F,1,240725,242101,0.8,0
Sprite,Foreground,Centre,"SB\highlight.png",320,240
 C,0,0,,255,145,210
 F,2,240725,240811,0,0.8
 M,0,240811,242187,408,338
 F,1,240811,242187,0.8,0
Sprite,Foreground,Centre,"SB\highlight.png",320,240
 C,0,0,,255,145,210
 F,2,240810,240896,0,0.8
 M,0,240896,242272,416,338
 F,1,240896,242272,0.8,0
Sprite,Foreground,Centre,"SB\highlight.png",320,240
 C,0,0,,255,145,210
 F,2,240982,241068,0,0.8
 M,0,241068,242444,502,254
 F,1,241068,242444,0.8,0
Sprite,Foreground,Centre,"SB\highlight.png",320,240
 C,0,0,,227,130,49
 F,2,241153,241239,0,0.8
 M,0,241239,242615,405,123
 F,1,241239,242615,0.8,0
Sprite,Foreground,Centre,"SB\highlight.png",320,240
 C,0,0,,227,130,49
 F,2,241325,241411,0,0.8
 M,0,241411,242787,235,123
 F,1,241411,242787,0.8,0
Sprite,Foreground,Centre,"SB\highlight.png",320,240
 C,0,0,,28,221,255
 F,2,241496,241582,0,0.8
 M,0,241582,242958,138,254
 F,1,241582,242958,0.8,0
Sprite,Foreground,Centre,"SB\highlight.png",320,240
 C,0,0,,28,221,255
 F,2,241668,241754,0,0.8
 M,0,241754,243130,224,338
 F,1,241754,243130,0.8,0
Sprite,Foreground,Centre,"SB\highlight.png",320,240
 C,0,0,,28,221,255
 F,2,241753,241839,0,0.8
 M,0,241839,243215,224,338
 F,1,241839,243215,0.8,0
Sprite,Foreground,Centre,"SB\highlight.png",320,240
 C,0,0,,0,120,219
 F,2,241839,241925,0,0.8
 M,0,241925,243301,224,338
 F,1,241925,243301,0.8,0
Sprite,Foreground,Centre,"SB\highlight.png",320,240
 C,0,0,,0,120,219
 F,2,242182,242268,0,0.8
 M,0,242268,243644,404,182
 F,1,242268,243644,0.8,0
Sprite,Foreground,Centre,"SB\highlight.png",320,240
 C,0,0,,0,120,219
 F,2,242353,242439,0,0.8
 M,0,242439,243815,257,297
 F,1,242439,243815,0.8,0
Sprite,Foreground,Centre,"SB\highlight.png",320,240
 C,0,0,,0,120,219
 F,2,242696,242782,0,0.8
 M,0,242782,244158,429,141
 F,1,242782,244158,0.8,0
Sprite,Foreground,Centre,"SB\highlight.png",320,240
 C,0,0,,0,120,219
 F,2,242868,242954,0,0.8
 M,0,242954,244330,294,55
 F,1,242954,244330,0.8,0
Sprite,Foreground,Centre,"SB\highlight.png",320,240
 C,0,0,,255,145,210
 F,2,243210,243296,0,0.8
 M,0,243296,244672,348,276
 F,1,243296,244672,0.8,0
Sprite,Foreground,Centre,"SB\highlight.png",320,240
 C,0,0,,255,145,210
 F,2,243382,243468,0,0.8
 M,0,243468,244844,229,166
 F,1,243468,244844,0.8,0
Sprite,Foreground,Centre,"SB\highlight.png",320,240
 C,0,0,,255,145,210
 F,2,243553,243639,0,0.8
 M,0,243639,245015,298,359
 F,1,243639,245015,0.8,0
Sprite,Foreground,Centre,"SB\highlight.png",320,240
 C,0,0,,255,145,210
 F,2,244068,244154,0,0.8
 M,0,244154,245530,400,196
 F,1,244154,245530,0.8,0
Sprite,Foreground,Centre,"SB\highlight.png",320,240
 C,0,0,,255,145,210
 F,2,244239,244325,0,0.8
 M,0,244325,245701,467,385
 F,1,244325,245701,0.8,0
Sprite,Foreground,Centre,"SB\highlight.png",320,240
 C,0,0,,227,130,49
 F,2,244582,244668,0,0.8
 M,0,244668,246044,562,229
 F,1,244668,246044,0.8,0
Sprite,Foreground,Centre,"SB\highlight.png",320,240
 C,0,0,,227,130,49
 F,2,244753,244839,0,0.8
 M,0,244839,246215,400,196
 F,1,244839,246215,0.8,0
Sprite,Foreground,Centre,"SB\highlight.png",320,240
 C,0,0,,227,130,49
 F,2,244925,245011,0,0.8
 M,0,245011,246387,550,307
 F,1,245011,246387,0.8,0
Sprite,Foreground,Centre,"SB\highlight.png",320,240
 C,0,0,,227,130,49
 F,2,245096,245182,0,0.8
 M,0,245182,246558,364,169
 F,1,245182,246558,0.8,0
Sprite,Foreground,Centre,"SB\highlight.png",320,240
 C,0,0,,227,130,49
 F,2,245439,245525,0,0.8
 M,0,245525,246901,420,85
 F,1,245525,246901,0.8,0
Sprite,Foreground,Centre,"SB\highlight.png",320,240
 C,0,0,,227,130,49
 F,2,245610,245696,0,0.8
 M,0,245696,247072,381,269
 F,1,245696,247072,0.8,0
Sprite,Foreground,Centre,"SB\highlight.png",320,240
 C,0,0,,28,221,255
 F,2,245953,246039,0,0.8
 M,0,246039,247415,234,236
 F,1,246039,247415,0.8,0
Sprite,Foreground,Centre,"SB\highlight.png",320,240
 C,0,0,,28,221,255
 F,2,246296,246382,0,0.8
 M,0,246382,247758,157,313
 F,1,246382,247758,0.8,0
Sprite,Foreground,Centre,"SB\highlight.png",320,240
 C,0,0,,28,221,255
 F,2,246639,246725,0,0.8
 M,0,246725,248101,236,393
 F,1,246725,248101,0.8,0
Sprite,Foreground,Centre,"SB\highlight.png",320,240
 C,0,0,,28,221,255
 F,2,246810,246896,0,0.8
 M,0,246896,248272,236,393
 F,1,246896,248272,0.8,0
Sprite,Foreground,Centre,"SB\highlight.png",320,240
 C,0,0,,28,221,255
 F,2,246982,247068,0,0.8
 M,0,247068,248444,348,242
 F,1,247068,248444,0.8,0
Sprite,Foreground,Centre,"SB\highlight.png",320,240
 C,0,0,,0,120,219
 F,2,247325,247411,0,0.8
 M,0,247411,248787,256,198
 F,1,247411,248787,0.8,0
Sprite,Foreground,Centre,"SB\highlight.png",320,240
 C,0,0,,0,120,219
 F,2,247668,247754,0,0.8
 M,0,247754,249130,413,406
 F,1,247754,249130,0.8,0
Sprite,Foreground,Centre,"SB\highlight.png",320,240
 C,0,0,,0,120,219
 F,2,247839,247925,0,0.8
 M,0,247925,249301,215,377
 F,1,247925,249301,0.8,0
Sprite,Foreground,Centre,"SB\highlight.png",320,240
 C,0,0,,0,120,219
 F,2,248182,248268,0,0.8
 M,0,248268,249644,296,307
 F,1,248268,249644,0.8,0
Sprite,Foreground,Centre,"SB\highlight.png",320,240
 C,0,0,,0,120,219
 F,2,248353,248439,0,0.8
 M,0,248439,249815,88,246
 F,1,248439,249815,0.8,0
Sprite,Foreground,Centre,"SB\highlight.png",320,240
 C,0,0,,255,145,210
 F,2,248696,248782,0,0.8
 M,0,248782,250158,354,191
 F,1,248782,250158,0.8,0
Sprite,Foreground,Centre,"SB\highlight.png",320,240
 C,0,0,,255,145,210
 F,2,248868,248954,0,0.8
 M,0,248954,250330,296,307
 F,1,248954,250330,0.8,0
Sprite,Foreground,Centre,"SB\highlight.png",320,240
 C,0,0,,255,145,210
 F,2,249039,249125,0,0.8
 M,0,249125,250501,229,158
 F,1,249125,250501,0.8,0
Sprite,Foreground,Centre,"SB\highlight.png",320,240
 C,0,0,,255,145,210
 F,2,249553,249639,0,0.8
 M,0,249639,251015,281,333
 F,1,249639,251015,0.8,0
Sprite,Foreground,Centre,"SB\highlight.png",320,240
 C,0,0,,255,145,210
 F,2,249725,249811,0,0.8
 M,0,249811,251187,435,219
 F,1,249811,251187,0.8,0
Sprite,Foreground,Centre,"SB\highlight.png",320,240
 C,0,0,,227,130,49
 F,2,250068,250154,0,0.8
 M,0,250154,251530,502,161
 F,1,250154,251530,0.8,0
Sprite,Foreground,Centre,"SB\highlight.png",320,240
 C,0,0,,227,130,49
 F,2,250239,250325,0,0.8
 M,0,250325,251701,471,329
 F,1,250325,251701,0.8,0
Sprite,Foreground,Centre,"SB\highlight.png",320,240
 C,0,0,,227,130,49
 F,2,250410,250496,0,0.8
 M,0,250496,251872,341,220
 F,1,250496,251872,0.8,0
Sprite,Foreground,Centre,"SB\highlight.png",320,240
 C,0,0,,227,130,49
 F,2,250582,250668,0,0.8
 M,0,250668,252044,301,385
 F,1,250668,252044,0.8,0
Sprite,Foreground,Centre,"SB\highlight.png",320,240
 C,0,0,,227,130,49
 F,2,250925,251011,0,0.8
 M,0,251011,252387,371,312
 F,1,251011,252387,0.8,0
Sprite,Foreground,Centre,"SB\highlight.png",320,240
 C,0,0,,227,130,49
 F,2,251096,251182,0,0.8
 M,0,251182,252558,164,176
 F,1,251182,252558,0.8,0
Sprite,Foreground,Centre,"SB\highlight.png",320,240
 C,0,0,,28,221,255
 F,2,251439,251525,0,0.8
 M,0,251525,252901,263,298
 F,1,251525,252901,0.8,0
Sprite,Foreground,Centre,"SB\highlight.png",320,240
 C,0,0,,28,221,255
 F,2,251782,251868,0,0.8
 M,0,251868,253244,211,381
 F,1,251868,253244,0.8,0
Sprite,Foreground,Centre,"SB\highlight.png",320,240
 C,0,0,,28,221,255
 F,2,252125,252211,0,0.8
 M,0,252211,253587,300,133
 F,1,252211,253587,0.8,0
Sprite,Foreground,Centre,"SB\highlight.png",320,240
 C,0,0,,28,221,255
 F,2,252296,252382,0,0.8
 M,0,252382,253758,300,133
 F,1,252382,253758,0.8,0
Sprite,Foreground,Centre,"SB\highlight.png",320,240
 C,0,0,,28,221,255
 F,2,252468,252554,0,0.8
 M,0,252554,253930,434,249
 F,1,252554,253930,0.8,0
Sprite,Foreground,Centre,"SB\highlight.png",320,240
 C,0,0,,28,221,255
 F,2,252810,252896,0,0.8
 M,0,252896,254272,359,323
 F,1,252896,254272,0.8,0
Sprite,Foreground,Centre,"SB\highlight.png",320,240
 C,0,0,,0,120,219
 F,2,253153,253239,0,0.8
 M,0,253239,254615,424,103
 F,1,253239,254615,0.8,0
Sprite,Foreground,Centre,"SB\highlight.png",320,240
 C,0,0,,0,120,219
 F,2,253325,253411,0,0.8
 M,0,253411,254787,434,249
 F,1,253411,254787,0.8,0
Sprite,Foreground,Centre,"SB\highlight.png",320,240
 C,0,0,,0,120,219
 F,2,253668,253754,0,0.8
 M,0,253754,255130,359,323
 F,1,253754,255130,0.8,0
Sprite,Foreground,Centre,"SB\highlight.png",320,240
 C,0,0,,0,120,219
 F,2,253839,253925,0,0.8
 M,0,253925,255301,284,163
 F,1,253925,255301,0.8,0
Sprite,Foreground,Centre,"SB\highlight.png",320,240
 C,0,0,,255,145,210
 F,2,254182,254268,0,0.8
 M,0,254268,255644,401,222
 F,1,254268,255644,0.8,0
Sprite,Foreground,Centre,"SB\highlight.png",320,240
 C,0,0,,255,145,210
 F,2,254353,254439,0,0.8
 M,0,254439,255815,232,258
 F,1,254439,255815,0.8,0
Sprite,Foreground,Centre,"SB\highlight.png",320,240
 C,0,0,,255,145,210
 F,2,254525,254611,0,0.8
 M,0,254611,255987,232,258
 F,1,254611,255987,0.8,0
Sprite,Foreground,Centre,"SB\highlight.png",320,240
 C,0,0,,255,145,210
 F,2,254868,254954,0,0.8
 M,0,254954,256330,267,359
 F,1,254954,256330,0.8,0
Sprite,Foreground,Centre,"SB\highlight.png",320,240
 C,0,0,,255,145,210
 F,2,255039,255125,0,0.8
 M,0,255125,256501,80,292
 F,1,255125,256501,0.8,0
Sprite,Foreground,Centre,"SB\highlight.png",320,240
 C,0,0,,255,145,210
 F,2,255210,255296,0,0.8
 M,0,255296,256672,267,359
 F,1,255296,256672,0.8,0
Sprite,Foreground,Centre,"SB\highlight.png",320,240
 C,0,0,,227,130,49
 F,2,255725,255811,0,0.8
 M,0,255811,257187,220,209
 F,1,255811,257187,0.8,0
Sprite,Foreground,Centre,"SB\highlight.png",320,240
 C,0,0,,227,130,49
 F,2,255896,255982,0,0.8
 M,0,255982,257358,400,275
 F,1,255982,257358,0.8,0
Sprite,Foreground,Centre,"SB\highlight.png",320,240
 C,0,0,,227,130,49
 F,2,256068,256154,0,0.8
 M,0,256154,257530,233,384
 F,1,256154,257530,0.8,0
Sprite,Foreground,Centre,"SB\highlight.png",320,240
 C,0,0,,227,130,49
 F,2,256410,256496,0,0.8
 M,0,256496,257872,350,122
 F,1,256496,257872,0.8,0
Sprite,Foreground,Centre,"SB\highlight.png",320,240
 C,0,0,,227,130,49
 F,2,256582,256668,0,0.8
 M,0,256668,258044,184,228
 F,1,256668,258044,0.8,0
Sprite,Foreground,Centre,"SB\highlight.png",320,240
 C,0,0,,28,221,255
 F,2,256925,257011,0,0.8
 M,0,257011,258387,79,190
 F,1,257011,258387,0.8,0
Sprite,Foreground,Centre,"SB\highlight.png",320,240
 C,0,0,,28,221,255
 F,2,257096,257182,0,0.8
 M,0,257182,258558,191,321
 F,1,257182,258558,0.8,0
Sprite,Foreground,Centre,"SB\highlight.png",320,240
 C,0,0,,28,221,255
 F,2,257268,257354,0,0.8
 M,0,257354,258730,191,321
 F,1,257354,258730,0.8,0
Sprite,Foreground,Centre,"SB\highlight.png",320,240
 C,0,0,,28,221,255
 F,2,257610,257696,0,0.8
 M,0,257696,259072,462,369
 F,1,257696,259072,0.8,0
Sprite,Foreground,Centre,"SB\highlight.png",320,240
 C,0,0,,28,221,255
 F,2,257782,257868,0,0.8
 M,0,257868,259244,354,416
 F,1,257868,259244,0.8,0
Sprite,Foreground,Centre,"SB\highlight.png",320,240
 C,0,0,,28,221,255
 F,2,257953,258039,0,0.8
 M,0,258039,259415,265,271
 F,1,258039,259415,0.8,0
Sprite,Foreground,Centre,"SB\highlight.png",320,240
 C,0,0,,0,120,219
 F,2,258296,258382,0,0.8
 M,0,258382,259758,462,204
 F,1,258382,259758,0.8,0
Sprite,Foreground,Centre,"SB\highlight.png",320,240
 C,0,0,,0,120,219
 F,2,258639,258725,0,0.8
 M,0,258725,260101,186,150
 F,1,258725,260101,0.8,0
Sprite,Foreground,Centre,"SB\highlight.png",320,240
 C,0,0,,0,120,219
 F,2,258810,258896,0,0.8
 M,0,258896,260272,235,312
 F,1,258896,260272,0.8,0
Sprite,Foreground,Centre,"SB\highlight.png",320,240
 C,0,0,,0,120,219
 F,2,259153,259239,0,0.8
 M,0,259239,260615,196,400
 F,1,259239,260615,0.8,0
Sprite,Foreground,Centre,"SB\highlight.png",320,240
 C,0,0,,0,120,219
 F,2,259325,259411,0,0.8
 M,0,259411,260787,230,215
 F,1,259411,260787,0.8,0
Sprite,Foreground,Centre,"SB\highlight.png",320,240
 C,0,0,,255,145,210
 F,2,259668,259754,0,0.8
 M,0,259754,261130,324,280
 F,1,259754,261130,0.8,0
Sprite,Foreground,Centre,"SB\highlight.png",320,240
 C,0,0,,255,145,210
 F,2,259839,259925,0,0.8
 M,0,259925,261301,166,332
 F,1,259925,261301,0.8,0
Sprite,Foreground,Centre,"SB\highlight.png",320,240
 C,0,0,,255,145,210
 F,2,260010,260096,0,0.8
 M,0,260096,261472,166,332
 F,1,260096,261472,0.8,0
Sprite,Foreground,Centre,"SB\highlight.png",320,240
 C,0,0,,255,145,210
 F,2,260525,260611,0,0.8
 M,0,260611,261987,306,204
 F,1,260611,261987,0.8,0
Sprite,Foreground,Centre,"SB\highlight.png",320,240
 C,0,0,,255,145,210
 F,2,260696,260782,0,0.8
 M,0,260782,262158,462,316
 F,1,260782,262158,0.8,0
Sprite,Foreground,Centre,"SB\highlight.png",320,240
 C,0,0,,227,130,49
 F,2,261039,261125,0,0.8
 M,0,261125,262501,401,77
 F,1,261125,262501,0.8,0
Sprite,Foreground,Centre,"SB\highlight.png",320,240
 C,0,0,,227,130,49
 F,2,261382,261468,0,0.8
 M,0,261468,262844,170,223
 F,1,261468,262844,0.8,0
Sprite,Foreground,Centre,"SB\highlight.png",320,240
 C,0,0,,227,130,49
 F,2,261725,261811,0,0.8
 M,0,261811,263187,246,169
 F,1,261811,263187,0.8,0
Sprite,Foreground,Centre,"SB\highlight.png",320,240
 C,0,0,,227,130,49
 F,2,262068,262154,0,0.8
 M,0,262154,263530,393,169
 F,1,262154,263530,0.8,0
Sprite,Foreground,Centre,"SB\highlight.png",320,240
 C,0,0,,28,221,255
 F,2,262239,262325,0,0.8
 M,0,262325,263701,273,299
 F,1,262325,263701,0.8,0
Sprite,Foreground,Centre,"SB\highlight.png",320,240
 C,0,0,,28,221,255
 F,2,262753,262839,0,0.8
 M,0,262839,264215,174,366
 F,1,262839,264215,0.8,0
Sprite,Foreground,Centre,"SB\highlight.png",320,240
 C,0,0,,28,221,255
 F,2,263096,263182,0,0.8
 M,0,263182,264558,174,366
 F,1,263182,264558,0.8,0
Sprite,Foreground,Centre,"SB\highlight.png",320,240
 C,0,0,,28,221,255
 F,2,263439,263525,0,0.8
 M,0,263525,264901,246,169
 F,1,263525,264901,0.8,0
Sprite,Foreground,Centre,"SB/square.jpg",320,240
 V,0,263782,264210,7.3,4.1,7.3,4.1
 F,0,263782,263868,0,0.7
 F,2,263868,264210,0.7,0
Sprite,Foreground,Centre,"SB/square.jpg",320,240
 V,0,241839,242267,7.3,4.1,7.3,4.1
 F,0,241839,241925,0,0.7
 F,2,241925,242267,0.7,0
Sprite,Foreground,Centre,"SB/square.jpg",320,240
 V,0,252782,253210,7.3,4.1,7.3,4.1
 F,0,252782,252868,0,0.7
 F,2,252868,253210,0.7,0
Sprite,Foreground,Centre,"SB/square.jpg",320,240
 V,0,240468,240896,7.3,4.1,7.3,4.1
 F,0,240468,240554,0,0.7
 F,2,240554,240896,0.7,0
Sprite,Foreground,Centre,"SB/square.jpg",320,240
 V,0,165039,165467,7.3,4.1,7.3,4.1
 F,0,165039,165125,0,0.7
 F,2,165125,165467,0.7,0
Sprite,Foreground,Centre,"SB/square.jpg",320,240
 V,0,143096,143524,7.3,4.1,7.3,4.1
 F,0,143096,143182,0,0.7
 F,2,143182,143524,0.7,0
Sprite,Foreground,Centre,"SB/square.jpg",320,240
 V,0,132125,132553,7.3,4.1,7.3,4.1
 F,0,132125,132211,0,0.7
 F,2,132211,132553,0.7,0
Sprite,Foreground,Centre,"SB/square.jpg",320,240
 V,0,154068,154496,7.3,4.1,7.3,4.1
 F,0,154068,154154,0,0.7
 F,2,154154,154496,0.7,0
Sprite,Foreground,Centre,"SB/square.jpg",320,240
 V,0,173268,173696,7.3,4.1,7.3,4.1
 F,0,173268,173354,0,0.7
 F,2,173354,173696,0.7,0
Sprite,Foreground,Centre,"SB/square.jpg",320,240
 V,0,173782,174210,7.3,4.1,7.3,4.1
 F,0,173782,173868,0,0.7
 F,2,173868,174210,0.7,0
Sprite,Foreground,Centre,"SB/square.jpg",320,240
 V,0,174296,174724,7.3,4.1,7.3,4.1
 F,0,174296,174382,0,0.7
 F,2,174382,174724,0.7,0
//Storyboard Sound Samples
