Sprite,Foreground,Centre,"SB/pacman/layer0.png",320,240
 S,0,554,2609,0.2,0.2
 S,29,2609,3294,0.2,0.05
 M,1,554,1239,-112,247,20,247
 F,0,554,1239,0,1
 F,0,1239,2609,1,1
 F,1,2609,3294,1,0
 R,1,554,3294,0.1,10.1
Sprite,Foreground,Centre,"SB/pacman/layer1.png",320,240
 S,0,554,2609,0.22,0.22
 S,29,2609,3294,0.22,0.05
 M,1,554,1239,-112,247,20,247
 F,0,554,1239,0,1
 F,0,1239,2609,1,1
 F,1,2609,3294,1,0
 R,1,554,3294,0.3,-6.7
Sprite,Foreground,Centre,"SB/pacman/layer2.png",320,240
 S,0,554,2609,0.235,0.235
 S,29,2609,3294,0.235,0.05
 M,1,554,1239,-112,247,20,247
 F,0,554,1239,0,1
 F,0,1239,2609,1,1
 F,1,2609,3294,1,0
 R,1,554,3294,0.6,6.6
Sprite,Foreground,Centre,"SB/pacman/layer3.png",320,240
 S,0,554,2609,0.247,0.247
 S,29,2609,3294,0.247,0.05
 M,1,554,1239,-112,247,20,247
 F,0,554,1239,0,1
 F,0,1239,2609,1,1
 F,1,2609,3294,1,0
 R,1,554,3294,0.1,-3.9
Sprite,Foreground,Centre,"SB/pacman/core.png",320,240
 M,0,554,554,20,247,20,247
 F,0,2609,3294,0,1
 F,0,3294,5349,1,1
 F,0,5349,6034,1,0
 S,25,2609,3979,0.2,0.6
 S,0,3979,5349,0.6,0.6
 S,33,5349,6376,0.6,0.05
Sprite,Foreground,Centre,"SB/asdf/g_1.png",320,240
 S,0,554,554,0.2,0.2
 F,0,2609,3294,0,1
 F,0,3294,5349,1,1
 F,1,5349,6034,1,0
 C,0,0,0,0,0,0,0,0,0
 M,31,2609,3294,20,248,-12,248
Sprite,Foreground,Centre,"SB/asdf/u_1.png",320,240
 S,0,554,554,0.2,0.2
 F,0,2609,3294,0,1
 F,0,3294,5349,1,1
 F,1,5349,6034,1,0
 C,0,0,0,0,0,0,0,0,0
 M,31,2609,3294,20,247,0,247
Sprite,Foreground,Centre,"SB/asdf/i_1.png",320,240
 S,0,554,554,0.2,0.2
 F,0,2609,3294,0,1
 F,0,3294,5349,1,1
 F,1,5349,6034,1,0
 C,0,0,0,0,0,0,0,0,0
 M,31,2609,3294,20,246,10,246
Sprite,Foreground,Centre,"SB/asdf/n_1.png",320,240
 S,0,554,554,0.2,0.2
 F,0,2609,3294,0,1
 F,0,3294,5349,1,1
 F,1,5349,6034,1,0
 C,0,0,0,0,0,0,0,0,0
 M,31,2609,3294,20,247,20,247
Sprite,Foreground,Centre,"SB/asdf/e_1.png",320,240
 S,0,554,554,0.2,0.2
 F,0,2609,3294,0,1
 F,0,3294,5349,1,1
 F,1,5349,6034,1,0
 C,0,0,0,0,0,0,0,0,0
 M,31,2609,3294,20,247,30,247
Sprite,Foreground,Centre,"SB/asdf/a_1.png",320,240
 S,0,554,554,0.2,0.2
 F,0,2609,3294,0,1
 F,0,3294,5349,1,1
 F,1,5349,6034,1,0
 C,0,0,0,0,0,0,0,0,0
 M,31,2609,3294,20,247,40,247
Sprite,Foreground,Centre,"SB/asdf/q_2.png",320,240
 S,0,554,554,0.2,0.2
 F,0,2609,3294,0,1
 F,0,3294,5349,1,1
 F,1,5349,6034,1,0
 C,0,0,0,0,0,0,0,0,0
 M,31,2609,3294,20,247,53,247
Sprite,Foreground,Centre,"SB/square.jpg",320,240
 V,0,3294,5349,0.1,0.01,0.5,0.01
 C,0,0,0,0,0,0,0,0,0
 F,2,2609,3294,0,1
 F,0,3294,5349,1,1
 F,1,5349,6034,1,0
 M,0,554,554,20,258,20,258
Sprite,Foreground,Centre,"SB/pacman/layer0.png",320,240
 S,0,154154,156209,0.2,0.2
 S,29,156209,156894,0.2,0.05
 M,1,154154,154839,-112,247,20,247
 F,0,154154,154839,0,1
 F,0,154839,156209,1,1
 F,1,156209,156894,1,0
 R,1,154154,156894,0.8,10.8
Sprite,Foreground,Centre,"SB/pacman/layer1.png",320,240
 S,0,154154,156209,0.22,0.22
 S,29,156209,156894,0.22,0.05
 M,1,154154,154839,-112,247,20,247
 F,0,154154,154839,0,1
 F,0,154839,156209,1,1
 F,1,156209,156894,1,0
 R,1,154154,156894,0.9,-6.1
Sprite,Foreground,Centre,"SB/pacman/layer2.png",320,240
 S,0,154154,156209,0.235,0.235
 S,29,156209,156894,0.235,0.05
 M,1,154154,154839,-112,247,20,247
 F,0,154154,154839,0,1
 F,0,154839,156209,1,1
 F,1,156209,156894,1,0
 R,1,154154,156894,0,6
Sprite,Foreground,Centre,"SB/pacman/layer3.png",320,240
 S,0,154154,156209,0.247,0.247
 S,29,156209,156894,0.247,0.05
 M,1,154154,154839,-112,247,20,247
 F,0,154154,154839,0,1
 F,0,154839,156209,1,1
 F,1,156209,156894,1,0
 R,1,154154,156894,0.8,-3.2
Sprite,Foreground,Centre,"SB/pacman/core.png",320,240
 M,0,154154,154154,20,247,20,247
 F,0,156209,156894,0,1
 F,0,156894,158949,1,1
 F,0,158949,159634,1,0
 S,25,156209,157579,0.2,0.6
 S,0,157579,158949,0.6,0.6
 S,33,158949,159976,0.6,0.05
Sprite,Foreground,Centre,"SB/asdf/g_1.png",320,240
 S,0,154154,154154,0.2,0.2
 F,0,156209,156894,0,1
 F,0,156894,158949,1,1
 F,1,158949,159634,1,0
 C,0,0,0,0,0,0,0,0,0
 M,31,156209,156894,20,248,-12,248
Sprite,Foreground,Centre,"SB/asdf/u_1.png",320,240
 S,0,154154,154154,0.2,0.2
 F,0,156209,156894,0,1
 F,0,156894,158949,1,1
 F,1,158949,159634,1,0
 C,0,0,0,0,0,0,0,0,0
 M,31,156209,156894,20,247,0,247
Sprite,Foreground,Centre,"SB/asdf/i_1.png",320,240
 S,0,154154,154154,0.2,0.2
 F,0,156209,156894,0,1
 F,0,156894,158949,1,1
 F,1,158949,159634,1,0
 C,0,0,0,0,0,0,0,0,0
 M,31,156209,156894,20,246,10,246
Sprite,Foreground,Centre,"SB/asdf/n_1.png",320,240
 S,0,154154,154154,0.2,0.2
 F,0,156209,156894,0,1
 F,0,156894,158949,1,1
 F,1,158949,159634,1,0
 C,0,0,0,0,0,0,0,0,0
 M,31,156209,156894,20,247,20,247
Sprite,Foreground,Centre,"SB/asdf/e_1.png",320,240
 S,0,154154,154154,0.2,0.2
 F,0,156209,156894,0,1
 F,0,156894,158949,1,1
 F,1,158949,159634,1,0
 C,0,0,0,0,0,0,0,0,0
 M,31,156209,156894,20,247,30,247
Sprite,Foreground,Centre,"SB/asdf/a_1.png",320,240
 S,0,154154,154154,0.2,0.2
 F,0,156209,156894,0,1
 F,0,156894,158949,1,1
 F,1,158949,159634,1,0
 C,0,0,0,0,0,0,0,0,0
 M,31,156209,156894,20,247,40,247
Sprite,Foreground,Centre,"SB/asdf/q_2.png",320,240
 S,0,154154,154154,0.2,0.2
 F,0,156209,156894,0,1
 F,0,156894,158949,1,1
 F,1,158949,159634,1,0
 C,0,0,0,0,0,0,0,0,0
 M,31,156209,156894,20,247,53,247
Sprite,Foreground,Centre,"SB/square.jpg",320,240
 V,0,156894,158949,0.1,0.01,0.5,0.01
 C,0,0,0,0,0,0,0,0,0
 F,2,156209,156894,0,1
 F,0,156894,158949,1,1
 F,1,158949,159634,1,0
 M,0,154154,154154,20,258,20,258
Sprite,Foreground,Centre,"SB/pacman/layer0.png",320,240
 S,0,196668,198723,0.2,0.2
 S,29,198723,199408,0.2,0.05
 M,1,196668,197353,-112,247,20,247
 F,0,196668,197353,0,1
 F,0,197353,198723,1,1
 F,1,198723,199408,1,0
 R,1,196668,199408,0.5,10.5
Sprite,Foreground,Centre,"SB/pacman/layer1.png",320,240
 S,0,196668,198723,0.22,0.22
 S,29,198723,199408,0.22,0.05
 M,1,196668,197353,-112,247,20,247
 F,0,196668,197353,0,1
 F,0,197353,198723,1,1
 F,1,198723,199408,1,0
 R,1,196668,199408,0.9,-6.1
Sprite,Foreground,Centre,"SB/pacman/layer2.png",320,240
 S,0,196668,198723,0.235,0.235
 S,29,198723,199408,0.235,0.05
 M,1,196668,197353,-112,247,20,247
 F,0,196668,197353,0,1
 F,0,197353,198723,1,1
 F,1,198723,199408,1,0
 R,1,196668,199408,1,7
Sprite,Foreground,Centre,"SB/pacman/layer3.png",320,240
 S,0,196668,198723,0.247,0.247
 S,29,198723,199408,0.247,0.05
 M,1,196668,197353,-112,247,20,247
 F,0,196668,197353,0,1
 F,0,197353,198723,1,1
 F,1,198723,199408,1,0
 R,1,196668,199408,0.9,-3.1
Sprite,Foreground,Centre,"SB/pacman/core.png",320,240
 M,0,196668,196668,20,247,20,247
 F,0,198723,199408,0,1
 F,0,199408,201463,1,1
 F,0,201463,202148,1,0
 S,25,198723,200093,0.2,0.6
 S,0,200093,201463,0.6,0.6
 S,33,201463,202490,0.6,0.05
Sprite,Foreground,Centre,"SB/asdf/g_1.png",320,240
 S,0,196668,196668,0.2,0.2
 F,0,198723,199408,0,1
 F,0,199408,201463,1,1
 F,1,201463,202148,1,0
 C,0,0,0,0,0,0,0,0,0
 M,31,198723,199408,20,248,-12,248
Sprite,Foreground,Centre,"SB/asdf/u_1.png",320,240
 S,0,196668,196668,0.2,0.2
 F,0,198723,199408,0,1
 F,0,199408,201463,1,1
 F,1,201463,202148,1,0
 C,0,0,0,0,0,0,0,0,0
 M,31,198723,199408,20,247,0,247
Sprite,Foreground,Centre,"SB/asdf/i_1.png",320,240
 S,0,196668,196668,0.2,0.2
 F,0,198723,199408,0,1
 F,0,199408,201463,1,1
 F,1,201463,202148,1,0
 C,0,0,0,0,0,0,0,0,0
 M,31,198723,199408,20,246,10,246
Sprite,Foreground,Centre,"SB/asdf/n_1.png",320,240
 S,0,196668,196668,0.2,0.2
 F,0,198723,199408,0,1
 F,0,199408,201463,1,1
 F,1,201463,202148,1,0
 C,0,0,0,0,0,0,0,0,0
 M,31,198723,199408,20,247,20,247
Sprite,Foreground,Centre,"SB/asdf/e_1.png",320,240
 S,0,196668,196668,0.2,0.2
 F,0,198723,199408,0,1
 F,0,199408,201463,1,1
 F,1,201463,202148,1,0
 C,0,0,0,0,0,0,0,0,0
 M,31,198723,199408,20,247,30,247
Sprite,Foreground,Centre,"SB/asdf/a_1.png",320,240
 S,0,196668,196668,0.2,0.2
 F,0,198723,199408,0,1
 F,0,199408,201463,1,1
 F,1,201463,202148,1,0
 C,0,0,0,0,0,0,0,0,0
 M,31,198723,199408,20,247,40,247
Sprite,Foreground,Centre,"SB/asdf/q_2.png",320,240
 S,0,196668,196668,0.2,0.2
 F,0,198723,199408,0,1
 F,0,199408,201463,1,1
 F,1,201463,202148,1,0
 C,0,0,0,0,0,0,0,0,0
 M,31,198723,199408,20,247,53,247
Sprite,Foreground,Centre,"SB/square.jpg",320,240
 V,0,199408,201463,0.1,0.01,0.5,0.01
 C,0,0,0,0,0,0,0,0,0
 F,2,198723,199408,0,1
 F,0,199408,201463,1,1
 F,1,201463,202148,1,0
 M,0,196668,196668,20,258,20,258
Sprite,Foreground,Centre,"SB/pacman/layer0.png",320,240
 S,0,241925,243980,0.2,0.2
 S,29,243980,244665,0.2,0.05
 M,1,241925,242610,-112,247,20,247
 F,0,241925,242610,0,1
 F,0,242610,243980,1,1
 F,1,243980,244665,1,0
 R,1,241925,244665,0.8,10.8
Sprite,Foreground,Centre,"SB/pacman/layer1.png",320,240
 S,0,241925,243980,0.22,0.22
 S,29,243980,244665,0.22,0.05
 M,1,241925,242610,-112,247,20,247
 F,0,241925,242610,0,1
 F,0,242610,243980,1,1
 F,1,243980,244665,1,0
 R,1,241925,244665,0.8,-6.2
Sprite,Foreground,Centre,"SB/pacman/layer2.png",320,240
 S,0,241925,243980,0.235,0.235
 S,29,243980,244665,0.235,0.05
 M,1,241925,242610,-112,247,20,247
 F,0,241925,242610,0,1
 F,0,242610,243980,1,1
 F,1,243980,244665,1,0
 R,1,241925,244665,0.5,6.5
Sprite,Foreground,Centre,"SB/pacman/layer3.png",320,240
 S,0,241925,243980,0.247,0.247
 S,29,243980,244665,0.247,0.05
 M,1,241925,242610,-112,247,20,247
 F,0,241925,242610,0,1
 F,0,242610,243980,1,1
 F,1,243980,244665,1,0
 R,1,241925,244665,0.2,-3.8
Sprite,Foreground,Centre,"SB/pacman/core.png",320,240
 M,0,241925,241925,20,247,20,247
 F,0,243980,244665,0,1
 F,0,244665,246720,1,1
 F,0,246720,247405,1,0
 S,25,243980,245350,0.2,0.6
 S,0,245350,246720,0.6,0.6
 S,33,246720,247748,0.6,0.05
Sprite,Foreground,Centre,"SB/asdf/g_1.png",320,240
 S,0,241925,241925,0.2,0.2
 F,0,243980,244665,0,1
 F,0,244665,246720,1,1
 F,1,246720,247405,1,0
 C,0,0,0,0,0,0,0,0,0
 M,31,243980,244665,20,248,-12,248
Sprite,Foreground,Centre,"SB/asdf/u_1.png",320,240
 S,0,241925,241925,0.2,0.2
 F,0,243980,244665,0,1
 F,0,244665,246720,1,1
 F,1,246720,247405,1,0
 C,0,0,0,0,0,0,0,0,0
 M,31,243980,244665,20,247,0,247
Sprite,Foreground,Centre,"SB/asdf/i_1.png",320,240
 S,0,241925,241925,0.2,0.2
 F,0,243980,244665,0,1
 F,0,244665,246720,1,1
 F,1,246720,247405,1,0
 C,0,0,0,0,0,0,0,0,0
 M,31,243980,244665,20,246,10,246
Sprite,Foreground,Centre,"SB/asdf/n_1.png",320,240
 S,0,241925,241925,0.2,0.2
 F,0,243980,244665,0,1
 F,0,244665,246720,1,1
 F,1,246720,247405,1,0
 C,0,0,0,0,0,0,0,0,0
 M,31,243980,244665,20,247,20,247
Sprite,Foreground,Centre,"SB/asdf/e_1.png",320,240
 S,0,241925,241925,0.2,0.2
 F,0,243980,244665,0,1
 F,0,244665,246720,1,1
 F,1,246720,247405,1,0
 C,0,0,0,0,0,0,0,0,0
 M,31,243980,244665,20,247,30,247
Sprite,Foreground,Centre,"SB/asdf/a_1.png",320,240
 S,0,241925,241925,0.2,0.2
 F,0,243980,244665,0,1
 F,0,244665,246720,1,1
 F,1,246720,247405,1,0
 C,0,0,0,0,0,0,0,0,0
 M,31,243980,244665,20,247,40,247
Sprite,Foreground,Centre,"SB/asdf/q_2.png",320,240
 S,0,241925,241925,0.2,0.2
 F,0,243980,244665,0,1
 F,0,244665,246720,1,1
 F,1,246720,247405,1,0
 C,0,0,0,0,0,0,0,0,0
 M,31,243980,244665,20,247,53,247
Sprite,Foreground,Centre,"SB/square.jpg",320,240
 V,0,244665,246720,0.1,0.01,0.5,0.01
 C,0,0,0,0,0,0,0,0,0
 F,2,243980,244665,0,1
 F,0,244665,246720,1,1
 F,1,246720,247405,1,0
 M,0,241925,241925,20,258,20,258
Sprite,Foreground,Centre,"SB/pacman/layer0.png",320,240
 S,0,285811,287866,0.2,0.2
 S,29,287866,288551,0.2,0.05
 M,1,285811,286496,-112,247,20,247
 F,0,285811,286496,0,1
 F,0,286496,287866,1,1
 F,1,287866,288551,1,0
 R,1,285811,288551,0.4,10.4
Sprite,Foreground,Centre,"SB/pacman/layer1.png",320,240
 S,0,285811,287866,0.22,0.22
 S,29,287866,288551,0.22,0.05
 M,1,285811,286496,-112,247,20,247
 F,0,285811,286496,0,1
 F,0,286496,287866,1,1
 F,1,287866,288551,1,0
 R,1,285811,288551,0.2,-6.8
Sprite,Foreground,Centre,"SB/pacman/layer2.png",320,240
 S,0,285811,287866,0.235,0.235
 S,29,287866,288551,0.235,0.05
 M,1,285811,286496,-112,247,20,247
 F,0,285811,286496,0,1
 F,0,286496,287866,1,1
 F,1,287866,288551,1,0
 R,1,285811,288551,0.4,6.4
Sprite,Foreground,Centre,"SB/pacman/layer3.png",320,240
 S,0,285811,287866,0.247,0.247
 S,29,287866,288551,0.247,0.05
 M,1,285811,286496,-112,247,20,247
 F,0,285811,286496,0,1
 F,0,286496,287866,1,1
 F,1,287866,288551,1,0
 R,1,285811,288551,0.5,-3.5
Sprite,Foreground,Centre,"SB/pacman/core.png",320,240
 M,0,285811,285811,20,247,20,247
 F,0,287866,288551,0,1
 F,0,288551,290606,1,1
 F,0,290606,291291,1,0
 S,25,287866,289236,0.2,0.6
 S,0,289236,290606,0.6,0.6
 S,33,290606,291634,0.6,0.05
Sprite,Foreground,Centre,"SB/asdf/g_1.png",320,240
 S,0,285811,285811,0.2,0.2
 F,0,287866,288551,0,1
 F,0,288551,290606,1,1
 F,1,290606,291291,1,0
 C,0,0,0,0,0,0,0,0,0
 M,31,287866,288551,20,248,-12,248
Sprite,Foreground,Centre,"SB/asdf/u_1.png",320,240
 S,0,285811,285811,0.2,0.2
 F,0,287866,288551,0,1
 F,0,288551,290606,1,1
 F,1,290606,291291,1,0
 C,0,0,0,0,0,0,0,0,0
 M,31,287866,288551,20,247,0,247
Sprite,Foreground,Centre,"SB/asdf/i_1.png",320,240
 S,0,285811,285811,0.2,0.2
 F,0,287866,288551,0,1
 F,0,288551,290606,1,1
 F,1,290606,291291,1,0
 C,0,0,0,0,0,0,0,0,0
 M,31,287866,288551,20,246,10,246
Sprite,Foreground,Centre,"SB/asdf/n_1.png",320,240
 S,0,285811,285811,0.2,0.2
 F,0,287866,288551,0,1
 F,0,288551,290606,1,1
 F,1,290606,291291,1,0
 C,0,0,0,0,0,0,0,0,0
 M,31,287866,288551,20,247,20,247
Sprite,Foreground,Centre,"SB/asdf/e_1.png",320,240
 S,0,285811,285811,0.2,0.2
 F,0,287866,288551,0,1
 F,0,288551,290606,1,1
 F,1,290606,291291,1,0
 C,0,0,0,0,0,0,0,0,0
 M,31,287866,288551,20,247,30,247
Sprite,Foreground,Centre,"SB/asdf/a_1.png",320,240
 S,0,285811,285811,0.2,0.2
 F,0,287866,288551,0,1
 F,0,288551,290606,1,1
 F,1,290606,291291,1,0
 C,0,0,0,0,0,0,0,0,0
 M,31,287866,288551,20,247,40,247
Sprite,Foreground,Centre,"SB/asdf/q_2.png",320,240
 S,0,285811,285811,0.2,0.2
 F,0,287866,288551,0,1
 F,0,288551,290606,1,1
 F,1,290606,291291,1,0
 C,0,0,0,0,0,0,0,0,0
 M,31,287866,288551,20,247,53,247
Sprite,Foreground,Centre,"SB/square.jpg",320,240
 V,0,288551,290606,0.1,0.01,0.5,0.01
 C,0,0,0,0,0,0,0,0,0
 F,2,287866,288551,0,1
 F,0,288551,290606,1,1
 F,1,290606,291291,1,0
 M,0,285811,285811,20,258,20,258
Sprite,Foreground,Centre,"SB/pacman/layer0.png",320,240
 S,0,66382,68437,0.2,0.2
 S,29,68437,69122,0.2,0.05
 M,1,66382,67067,740,247,628,247
 F,0,66382,67067,0,1
 F,0,67067,68437,1,1
 F,1,68437,69122,1,0
 R,1,66382,69122,0.3,10.3
Sprite,Foreground,Centre,"SB/pacman/layer1.png",320,240
 S,0,66382,68437,0.22,0.22
 S,29,68437,69122,0.22,0.05
 M,1,66382,67067,740,247,628,247
 F,0,66382,67067,0,1
 F,0,67067,68437,1,1
 F,1,68437,69122,1,0
 R,1,66382,69122,0.4,-6.6
Sprite,Foreground,Centre,"SB/pacman/layer2.png",320,240
 S,0,66382,68437,0.235,0.235
 S,29,68437,69122,0.235,0.05
 M,1,66382,67067,740,247,628,247
 F,0,66382,67067,0,1
 F,0,67067,68437,1,1
 F,1,68437,69122,1,0
 R,1,66382,69122,1,7
Sprite,Foreground,Centre,"SB/pacman/layer3.png",320,240
 S,0,66382,68437,0.247,0.247
 S,29,68437,69122,0.247,0.05
 M,1,66382,67067,740,247,628,247
 F,0,66382,67067,0,1
 F,0,67067,68437,1,1
 F,1,68437,69122,1,0
 R,1,66382,69122,0,-4
Sprite,Foreground,Centre,"SB/pacman/core.png",320,240
 M,0,66382,66382,628,247,628,247
 F,0,68437,69122,0,1
 F,0,69122,71177,1,1
 F,0,71177,71862,1,0
 S,25,68437,69807,0.2,0.6
 S,0,69807,71177,0.6,0.6
 S,33,71177,72204,0.6,0.05
Sprite,Foreground,Centre,"SB/asdf/o_2.png",320,240
 S,0,66382,66382,0.2,0.2
 F,0,68437,69122,0,1
 F,0,69122,71177,1,1
 F,1,71177,71862,1,0
 C,0,0,0,0,0,0,0,0,0
 M,31,68437,69122,628,246,602,246
Sprite,Foreground,Centre,"SB/asdf/n_1.png",320,240
 S,0,66382,66382,0.2,0.2
 F,0,68437,69122,0,1
 F,0,69122,71177,1,1
 F,1,71177,71862,1,0
 C,0,0,0,0,0,0,0,0,0
 M,31,68437,69122,628,247,613,247
Sprite,Foreground,Centre,"SB/asdf/g_1.png",320,240
 S,0,66382,66382,0.2,0.2
 F,0,68437,69122,0,1
 F,0,69122,71177,1,1
 F,1,71177,71862,1,0
 C,0,0,0,0,0,0,0,0,0
 M,31,68437,69122,628,248,623,248
Sprite,Foreground,Centre,"SB/asdf/a_1.png",320,240
 S,0,66382,66382,0.2,0.2
 F,0,68437,69122,0,1
 F,0,69122,71177,1,1
 F,1,71177,71862,1,0
 C,0,0,0,0,0,0,0,0,0
 M,31,68437,69122,628,247,633,247
Sprite,Foreground,Centre,"SB/asdf/k_1.png",320,240
 S,0,66382,66382,0.2,0.2
 F,0,68437,69122,0,1
 F,0,69122,71177,1,1
 F,1,71177,71862,1,0
 C,0,0,0,0,0,0,0,0,0
 M,31,68437,69122,628,245,643,245
Sprite,Foreground,Centre,"SB/asdf/u_1.png",320,240
 S,0,66382,66382,0.2,0.2
 F,0,68437,69122,0,1
 F,0,69122,71177,1,1
 F,1,71177,71862,1,0
 C,0,0,0,0,0,0,0,0,0
 M,31,68437,69122,628,247,653,247
Sprite,Foreground,Centre,"SB/square.jpg",320,240
 V,0,69122,71177,0.1,0.01,0.5,0.01
 C,0,0,0,0,0,0,0,0,0
 F,2,68437,69122,0,1
 F,0,69122,71177,1,1
 F,1,71177,71862,1,0
 M,0,66382,66382,628,258,628,258
Sprite,Foreground,Centre,"SB/pacman/layer0.png",320,240
 S,0,174725,176780,0.2,0.2
 S,29,176780,177465,0.2,0.05
 M,1,174725,175410,740,247,628,247
 F,0,174725,175410,0,1
 F,0,175410,176780,1,1
 F,1,176780,177465,1,0
 R,1,174725,177465,0.6,10.6
Sprite,Foreground,Centre,"SB/pacman/layer1.png",320,240
 S,0,174725,176780,0.22,0.22
 S,29,176780,177465,0.22,0.05
 M,1,174725,175410,740,247,628,247
 F,0,174725,175410,0,1
 F,0,175410,176780,1,1
 F,1,176780,177465,1,0
 R,1,174725,177465,0.1,-6.9
Sprite,Foreground,Centre,"SB/pacman/layer2.png",320,240
 S,0,174725,176780,0.235,0.235
 S,29,176780,177465,0.235,0.05
 M,1,174725,175410,740,247,628,247
 F,0,174725,175410,0,1
 F,0,175410,176780,1,1
 F,1,176780,177465,1,0
 R,1,174725,177465,0.7,6.7
Sprite,Foreground,Centre,"SB/pacman/layer3.png",320,240
 S,0,174725,176780,0.247,0.247
 S,29,176780,177465,0.247,0.05
 M,1,174725,175410,740,247,628,247
 F,0,174725,175410,0,1
 F,0,175410,176780,1,1
 F,1,176780,177465,1,0
 R,1,174725,177465,0.2,-3.8
Sprite,Foreground,Centre,"SB/pacman/core.png",320,240
 M,0,174725,174725,628,247,628,247
 F,0,176780,177465,0,1
 F,0,177465,179520,1,1
 F,0,179520,180205,1,0
 S,25,176780,178150,0.2,0.6
 S,0,178150,179520,0.6,0.6
 S,33,179520,180548,0.6,0.05
Sprite,Foreground,Centre,"SB/asdf/o_2.png",320,240
 S,0,174725,174725,0.2,0.2
 F,0,176780,177465,0,1
 F,0,177465,179520,1,1
 F,1,179520,180205,1,0
 C,0,0,0,0,0,0,0,0,0
 M,31,176780,177465,628,246,602,246
Sprite,Foreground,Centre,"SB/asdf/n_1.png",320,240
 S,0,174725,174725,0.2,0.2
 F,0,176780,177465,0,1
 F,0,177465,179520,1,1
 F,1,179520,180205,1,0
 C,0,0,0,0,0,0,0,0,0
 M,31,176780,177465,628,247,613,247
Sprite,Foreground,Centre,"SB/asdf/g_1.png",320,240
 S,0,174725,174725,0.2,0.2
 F,0,176780,177465,0,1
 F,0,177465,179520,1,1
 F,1,179520,180205,1,0
 C,0,0,0,0,0,0,0,0,0
 M,31,176780,177465,628,248,623,248
Sprite,Foreground,Centre,"SB/asdf/a_1.png",320,240
 S,0,174725,174725,0.2,0.2
 F,0,176780,177465,0,1
 F,0,177465,179520,1,1
 F,1,179520,180205,1,0
 C,0,0,0,0,0,0,0,0,0
 M,31,176780,177465,628,247,633,247
Sprite,Foreground,Centre,"SB/asdf/k_1.png",320,240
 S,0,174725,174725,0.2,0.2
 F,0,176780,177465,0,1
 F,0,177465,179520,1,1
 F,1,179520,180205,1,0
 C,0,0,0,0,0,0,0,0,0
 M,31,176780,177465,628,245,643,245
Sprite,Foreground,Centre,"SB/asdf/u_1.png",320,240
 S,0,174725,174725,0.2,0.2
 F,0,176780,177465,0,1
 F,0,177465,179520,1,1
 F,1,179520,180205,1,0
 C,0,0,0,0,0,0,0,0,0
 M,31,176780,177465,628,247,653,247
Sprite,Foreground,Centre,"SB/square.jpg",320,240
 V,0,177465,179520,0.1,0.01,0.5,0.01
 C,0,0,0,0,0,0,0,0,0
 F,2,176780,177465,0,1
 F,0,177465,179520,1,1
 F,1,179520,180205,1,0
 M,0,174725,174725,628,258,628,258
Sprite,Foreground,Centre,"SB/pacman/layer0.png",320,240
 S,0,230954,233009,0.2,0.2
 S,29,233009,233694,0.2,0.05
 M,1,230954,231639,740,247,628,247
 F,0,230954,231639,0,1
 F,0,231639,233009,1,1
 F,1,233009,233694,1,0
 R,1,230954,233694,0.6,10.6
Sprite,Foreground,Centre,"SB/pacman/layer1.png",320,240
 S,0,230954,233009,0.22,0.22
 S,29,233009,233694,0.22,0.05
 M,1,230954,231639,740,247,628,247
 F,0,230954,231639,0,1
 F,0,231639,233009,1,1
 F,1,233009,233694,1,0
 R,1,230954,233694,0.3,-6.7
Sprite,Foreground,Centre,"SB/pacman/layer2.png",320,240
 S,0,230954,233009,0.235,0.235
 S,29,233009,233694,0.235,0.05
 M,1,230954,231639,740,247,628,247
 F,0,230954,231639,0,1
 F,0,231639,233009,1,1
 F,1,233009,233694,1,0
 R,1,230954,233694,0.1,6.1
Sprite,Foreground,Centre,"SB/pacman/layer3.png",320,240
 S,0,230954,233009,0.247,0.247
 S,29,233009,233694,0.247,0.05
 M,1,230954,231639,740,247,628,247
 F,0,230954,231639,0,1
 F,0,231639,233009,1,1
 F,1,233009,233694,1,0
 R,1,230954,233694,1,-3
Sprite,Foreground,Centre,"SB/pacman/core.png",320,240
 M,0,230954,230954,628,247,628,247
 F,0,233009,233694,0,1
 F,0,233694,235749,1,1
 F,0,235749,236434,1,0
 S,25,233009,234379,0.2,0.6
 S,0,234379,235749,0.6,0.6
 S,33,235749,236776,0.6,0.05
Sprite,Foreground,Centre,"SB/asdf/o_2.png",320,240
 S,0,230954,230954,0.2,0.2
 F,0,233009,233694,0,1
 F,0,233694,235749,1,1
 F,1,235749,236434,1,0
 C,0,0,0,0,0,0,0,0,0
 M,31,233009,233694,628,246,602,246
Sprite,Foreground,Centre,"SB/asdf/n_1.png",320,240
 S,0,230954,230954,0.2,0.2
 F,0,233009,233694,0,1
 F,0,233694,235749,1,1
 F,1,235749,236434,1,0
 C,0,0,0,0,0,0,0,0,0
 M,31,233009,233694,628,247,613,247
Sprite,Foreground,Centre,"SB/asdf/g_1.png",320,240
 S,0,230954,230954,0.2,0.2
 F,0,233009,233694,0,1
 F,0,233694,235749,1,1
 F,1,235749,236434,1,0
 C,0,0,0,0,0,0,0,0,0
 M,31,233009,233694,628,248,623,248
Sprite,Foreground,Centre,"SB/asdf/a_1.png",320,240
 S,0,230954,230954,0.2,0.2
 F,0,233009,233694,0,1
 F,0,233694,235749,1,1
 F,1,235749,236434,1,0
 C,0,0,0,0,0,0,0,0,0
 M,31,233009,233694,628,247,633,247
Sprite,Foreground,Centre,"SB/asdf/k_1.png",320,240
 S,0,230954,230954,0.2,0.2
 F,0,233009,233694,0,1
 F,0,233694,235749,1,1
 F,1,235749,236434,1,0
 C,0,0,0,0,0,0,0,0,0
 M,31,233009,233694,628,245,643,245
Sprite,Foreground,Centre,"SB/asdf/u_1.png",320,240
 S,0,230954,230954,0.2,0.2
 F,0,233009,233694,0,1
 F,0,233694,235749,1,1
 F,1,235749,236434,1,0
 C,0,0,0,0,0,0,0,0,0
 M,31,233009,233694,628,247,653,247
Sprite,Foreground,Centre,"SB/square.jpg",320,240
 V,0,233694,235749,0.1,0.01,0.5,0.01
 C,0,0,0,0,0,0,0,0,0
 F,2,233009,233694,0,1
 F,0,233694,235749,1,1
 F,1,235749,236434,1,0
 M,0,230954,230954,628,258,628,258
Sprite,Foreground,Centre,"SB/pacman/layer0.png",320,240
 S,0,263868,265923,0.2,0.2
 S,29,265923,266608,0.2,0.05
 M,1,263868,264553,740,247,628,247
 F,0,263868,264553,0,1
 F,0,264553,265923,1,1
 F,1,265923,266608,1,0
 R,1,263868,266608,0.1,10.1
Sprite,Foreground,Centre,"SB/pacman/layer1.png",320,240
 S,0,263868,265923,0.22,0.22
 S,29,265923,266608,0.22,0.05
 M,1,263868,264553,740,247,628,247
 F,0,263868,264553,0,1
 F,0,264553,265923,1,1
 F,1,265923,266608,1,0
 R,1,263868,266608,0.9,-6.1
Sprite,Foreground,Centre,"SB/pacman/layer2.png",320,240
 S,0,263868,265923,0.235,0.235
 S,29,265923,266608,0.235,0.05
 M,1,263868,264553,740,247,628,247
 F,0,263868,264553,0,1
 F,0,264553,265923,1,1
 F,1,265923,266608,1,0
 R,1,263868,266608,0.2,6.2
Sprite,Foreground,Centre,"SB/pacman/layer3.png",320,240
 S,0,263868,265923,0.247,0.247
 S,29,265923,266608,0.247,0.05
 M,1,263868,264553,740,247,628,247
 F,0,263868,264553,0,1
 F,0,264553,265923,1,1
 F,1,265923,266608,1,0
 R,1,263868,266608,0.8,-3.2
Sprite,Foreground,Centre,"SB/pacman/core.png",320,240
 M,0,263868,263868,628,247,628,247
 F,0,265923,266608,0,1
 F,0,266608,268663,1,1
 F,0,268663,269348,1,0
 S,25,265923,267293,0.2,0.6
 S,0,267293,268663,0.6,0.6
 S,33,268663,269690,0.6,0.05
Sprite,Foreground,Centre,"SB/asdf/o_2.png",320,240
 S,0,263868,263868,0.2,0.2
 F,0,265923,266608,0,1
 F,0,266608,268663,1,1
 F,1,268663,269348,1,0
 C,0,0,0,0,0,0,0,0,0
 M,31,265923,266608,628,246,602,246
Sprite,Foreground,Centre,"SB/asdf/n_1.png",320,240
 S,0,263868,263868,0.2,0.2
 F,0,265923,266608,0,1
 F,0,266608,268663,1,1
 F,1,268663,269348,1,0
 C,0,0,0,0,0,0,0,0,0
 M,31,265923,266608,628,247,613,247
Sprite,Foreground,Centre,"SB/asdf/g_1.png",320,240
 S,0,263868,263868,0.2,0.2
 F,0,265923,266608,0,1
 F,0,266608,268663,1,1
 F,1,268663,269348,1,0
 C,0,0,0,0,0,0,0,0,0
 M,31,265923,266608,628,248,623,248
Sprite,Foreground,Centre,"SB/asdf/a_1.png",320,240
 S,0,263868,263868,0.2,0.2
 F,0,265923,266608,0,1
 F,0,266608,268663,1,1
 F,1,268663,269348,1,0
 C,0,0,0,0,0,0,0,0,0
 M,31,265923,266608,628,247,633,247
Sprite,Foreground,Centre,"SB/asdf/k_1.png",320,240
 S,0,263868,263868,0.2,0.2
 F,0,265923,266608,0,1
 F,0,266608,268663,1,1
 F,1,268663,269348,1,0
 C,0,0,0,0,0,0,0,0,0
 M,31,265923,266608,628,245,643,245
Sprite,Foreground,Centre,"SB/asdf/u_1.png",320,240
 S,0,263868,263868,0.2,0.2
 F,0,265923,266608,0,1
 F,0,266608,268663,1,1
 F,1,268663,269348,1,0
 C,0,0,0,0,0,0,0,0,0
 M,31,265923,266608,628,247,653,247
Sprite,Foreground,Centre,"SB/square.jpg",320,240
 V,0,266608,268663,0.1,0.01,0.5,0.01
 C,0,0,0,0,0,0,0,0,0
 F,2,265923,266608,0,1
 F,0,266608,268663,1,1
 F,1,268663,269348,1,0
 M,0,263868,263868,628,258,628,258