Sprite,Foreground,Centre,"SB/White.jpg",320,240
 S,0,37826,,1.05
 F,0,37826,38131,0,1
 F,0,38131,38740,1,0
Sprite,Foreground,Centre,"SB/White.jpg",320,240
 S,0,27928,,1.042082
 F,0,27928,28232,0,1
 F,0,28232,28841,1,0
Sprite,Foreground,Centre,"SB/White.jpg",320,240
 S,0,18029,,1.035069
 F,0,18029,18334,0,1
 F,0,18334,19552,1,0
Sprite,Foreground,Centre,"SB/White.jpg",320,240
 F,0,47572,47725,0,1
 S,0,47725,,1.042082
 F,0,47725,48638,1,0
Sprite,Foreground,Centre,"SB/arrow.png",320,240
 F,0,7522,7674,0,1
 M,2,7522,8587,845,66,165,66
 F,0,7674,7978,1
 S,0,7978,,0.1970909
 R,0,7978,,3.141818
 F,0,7978,8435,1
 F,0,8435,8587,1,0
Sprite,Foreground,Centre,"SB/arrow.png",320,240
 F,0,7674,7826,0,1
 M,2,7674,8587,-197,187,334,-34
 S,0,7826,,0.3541821
 F,0,7826,8435,1
 R,0,7978,,-0.395636
 F,0,8435,8587,1,0
Sprite,Foreground,Centre,"SB/arrow.png",320,240
 F,0,7902,7978,0,1
 M,2,7902,8055,134,-299,134,787
 S,0,7978,,1.023273
 R,0,7978,,1.570909
 F,0,7978,8055,1
Sprite,Foreground,Centre,"SB/arrow.png",320,240
 R,0,7978,,-1.570909
 F,0,7978,8054,0,1
 S,0,7978,8054,0.674182
 M,2,7978,8130,519,771,520,-313
 F,0,8054,8131,1
 S,0,8054,8131,0.674182
Sprite,Foreground,Centre,"SB/arrow.png",320,240
 S,0,7598,,0.5869092
 R,0,7598,,3.141818
 F,0,7598,7750,0,1
 M,1,7598,8587,1015,368,-303,367
 F,0,7750,8435,1
 F,0,8435,8587,1,0
Sprite,Foreground,Centre,"SB/arrow.png",320,240
 S,0,7674,,0.8778181
 R,0,7674,,4.317091
 F,0,7674,7826,0,1
 M,1,7674,8587,576,841,56,-404
Sprite,Foreground,Centre,"SB/arrow.png",320,240
 S,0,8054,,0.6974547
 R,0,8054,,1.570909
 F,0,8054,8131,0,1
 M,2,8054,8207,-11,-322,-7,795
 F,0,8131,8207,1,0
Sprite,Foreground,Centre,"SB/arrow.png",320,240
 R,0,8283,,-1.570909
 F,0,8283,8435,1,0
 M,2,8283,8587,315,811,313,424
 S,1,8283,8587,0.8254546,3.530909
 F,0,8435,8587,0
Sprite,Foreground,Centre,"SB/Title/B.png",320,240
 S,0,8587,,0.6
 F,0,8587,9806,1,0
 M,0,8587,13461,81,240,81,220
 F,0,9806,9958,0
 F,0,9958,10110,0
 F,0,10110,10263,0,1
 F,0,10263,12395,1
 F,0,12395,13156,1,0
 F,0,13156,13461,0
Sprite,Foreground,Centre,"SB/Title/U.png",320,240
 S,0,8587,,0.6
 F,0,8587,9806,1,0
 M,0,8587,13461,151,240,151,220
 F,0,9806,10110,0
 F,0,10110,10263,0
 F,0,10263,10415,0,1
 F,0,10415,12395,1
 F,0,12395,13156,1,0
 F,0,13156,13461,0
Sprite,Foreground,Centre,"SB/Title/L.png",320,240
 S,0,8587,,0.6
 F,0,8587,9806,1,0
 M,0,8587,13461,216,240,216,220
 F,0,9806,10110,0
 F,0,10110,10263,0
 F,0,10263,10415,0
 F,0,10415,10567,0,1
 F,0,10567,12395,1
 F,0,12395,13156,1,0
 F,0,13156,13461,0
Sprite,Foreground,Centre,"SB/Title/L.png",320,240
 S,0,8587,,0.6
 F,0,8587,9806,1,0
 M,0,8587,13461,278,240,278,220
 F,0,9806,10110,0
 F,0,10110,10415,0
 F,0,10415,10567,0
 F,0,10567,10719,0,1
 F,0,10719,12395,1
 F,0,12395,13156,1,0
 F,0,13156,13461,0
Sprite,Foreground,Centre,"SB/Title/APOS.png",320,240
 S,0,8587,,0.6
 F,0,8587,9806,1,0
 M,0,8587,13461,315,240,315,220
 F,0,9806,10110,0
 F,0,10110,10567,0
 F,0,10567,10719,0
 F,0,10719,10872,0,1
 F,0,10872,12395,1
 F,0,12395,13156,1,0
 F,0,13156,13461,0
Sprite,Foreground,Centre,"SB/Title/S.png",320,240
 S,0,8587,,0.6
 F,0,8587,9806,1,0
 M,0,8587,13461,362,240,362,220
 F,0,9806,10110,0
 F,0,10110,10719,0
 F,0,10719,10872,0
 F,0,10872,11024,0,1
 F,0,11024,12395,1
 F,0,12395,13156,1,0
 F,0,13156,13461,0
Sprite,Foreground,Centre,"SB/Title/E.png",320,240
 S,0,8587,,0.6
 F,0,8587,9806,1,0
 M,0,8587,13461,449,240,449,220
 F,0,9806,10110,0
 F,0,10110,10872,0
 F,0,10872,11024,0
 F,0,11024,11176,0,1
 F,0,11176,12395,1
 F,0,12395,13156,1,0
 F,0,13156,13461,0
Sprite,Foreground,Centre,"SB/Title/Y.png",320,240
 S,0,8587,,0.6
 F,0,8587,9806,1,0
 M,0,8587,13461,513,240,513,220
 F,0,9806,10110,0
 F,0,10110,11024,0
 F,0,11024,11176,0
 F,0,11176,11329,0,1
 F,0,11329,12395,1
 F,0,12395,13156,1,0
 F,0,13156,13461,0
Sprite,Foreground,Centre,"SB/Title/E.png",320,240
 S,0,8587,,0.6
 F,0,8587,9806,1,0
 M,0,8587,13461,576,240,576,220
 F,0,9806,10110,0
 F,0,10110,11176,0
 F,0,11176,11329,0
 F,0,11329,11481,0,1
 F,0,11481,12395,1
 F,0,12395,13156,1,0
 F,0,13156,13461,0
Sprite,Foreground,Centre,"SB/Title/S.png",320,240
 S,0,13461,,0.6
 F,0,13461,13613,0,1
 M,0,13461,15897,71,127,71,117
 F,0,13613,15593,1
 F,0,15593,15897,1,0
Sprite,Foreground,Centre,"SB/Title/T.png",320,240
 S,0,13461,,0.6
 F,0,13461,13613,0,1
 M,0,13461,15897,132,127,132,117
 F,0,13613,15593,1
 F,0,15593,15897,1,0
Sprite,Foreground,Centre,"SB/Title/A.png",320,240
 S,0,13461,,0.6
 F,0,13461,13613,0,1
 M,0,13461,15897,196,127,196,117
 F,0,13613,15593,1
 F,0,15593,15897,1,0
Sprite,Foreground,Centre,"SB/Title/R.png",320,240
 S,0,13461,,0.6
 F,0,13461,13613,0,1
 M,0,13461,15897,260,127,260,117
 F,0,13613,15593,1
 F,0,15593,15897,1,0
Sprite,Foreground,Centre,"SB/Title/R.png",320,240
 S,0,13461,,0.6
 F,0,13461,13613,0,1
 M,0,13461,15897,319,127,319,117
 F,0,13613,15593,1
 F,0,15593,15897,1,0
Sprite,Foreground,Centre,"SB/Title/I.png",320,240
 S,0,13461,,0.6
 F,0,13461,13613,0,1
 M,0,13461,15897,366,127,366,117
 F,0,13613,15593,1
 F,0,15593,15897,1,0
Sprite,Foreground,Centre,"SB/Title/N.png",320,240
 S,0,13461,,0.6
 F,0,13461,13613,0,1
 M,0,13461,15897,415,127,415,117
 F,0,13613,15593,1
 F,0,15593,15897,1,0
Sprite,Foreground,Centre,"SB/Title/G.png",320,240
 S,0,13461,,0.6
 F,0,13461,13613,0,1
 M,0,13461,15897,479,127,479,117
 F,0,13613,15593,1
 F,0,15593,15897,0
Sprite,Foreground,Centre,"SB/Title/COL.png",320,240
 S,0,13461,,0.6
 F,0,13461,13613,0,1
 M,0,13461,15897,525,127,525,117
 F,0,13613,15593,1
 F,0,15593,15897,1,0
Sprite,Foreground,Centre,"SB/Title/A.png",320,240
 S,0,13461,,0.35
 F,0,13461,13765,0,1
 M,0,13461,15897,197,198,197,188
 F,0,13765,13841,1,0
 F,0,13841,13917,0,1
 F,0,13917,15593,1
 F,0,15593,15897,1,0
Sprite,Foreground,Centre,"SB/Title/S.png",320,240
 S,0,13461,,0.35
 F,0,13461,13841,0,1
 M,0,13461,15897,235,198,235,188
 F,0,13841,13917,1,0
 F,0,13917,13994,0,1
 F,0,13994,15593,1
 F,0,15593,15897,1,0
Sprite,Foreground,Centre,"SB/Title/P.png",320,240
 S,0,13461,,0.35
 F,0,13461,13917,0,1
 M,0,13461,15897,272,198,272,188
 F,0,13917,13994,1,0
 F,0,13994,14070,0,1
 F,0,14070,15593,1
 F,0,15593,15897,1,0
Sprite,Foreground,Centre,"SB/Title/H.png",320,240
 S,0,13461,,0.35
 F,0,13461,13994,0,1
 M,0,13461,15897,309,198,309,188
 F,0,13994,14070,1,0
 F,0,14070,14146,0,1
 F,0,14146,15593,1
 F,0,15593,15897,1,0
Sprite,Foreground,Centre,"SB/Title/Y.png",320,240
 S,0,13461,,0.35
 F,0,13461,14070,0,1
 M,0,13461,15897,346,198,346,188
 F,0,14070,14146,1,0
 F,0,14146,14222,0,1
 F,0,14222,15593,1
 F,0,15593,15897,1,0
Sprite,Foreground,Centre,"SB/Title/X.png",320,240
 S,0,13461,,0.35
 F,0,13461,14146,0,1
 M,0,13461,15897,383,198,383,188
 F,0,14146,14222,1,0
 F,0,14222,14298,0,1
 F,0,14298,15593,1
 F,0,15593,15897,1,0
Sprite,Foreground,Centre,"SB/Title/I.png",320,240
 S,0,13461,,0.35
 F,0,13461,14222,0,1
 M,0,13461,15897,412,198,412,188
 F,0,14222,14298,1,0
 F,0,14298,14374,0,1
 F,0,14374,15593,1
 F,0,15593,15897,1,0
Sprite,Foreground,Centre,"SB/Title/A.png",320,240
 S,0,13461,,0.35
 F,0,13461,14298,0,1
 M,0,13461,15897,442,198,442,188
 F,0,14298,14374,1,0
 F,0,14374,14450,0,1
 F,0,14450,15593,1
 F,0,15593,15897,1,0
Sprite,Foreground,Centre,"SB/Title/DASH.png",320,240
 S,0,13461,,0.35
 F,0,13461,13765,0,1
 M,0,13461,15897,148,246,148,236
 F,0,13765,13841,1,0
 F,0,13841,13917,0,1
 F,0,13917,15593,1
 F,0,15593,15897,1,0
Sprite,Foreground,Centre,"SB/Title/K.png",320,240
 S,0,13461,,0.35
 F,0,13461,13841,0,1
 M,0,13461,15897,183,246,183,236
 F,0,13841,13917,1,0
 F,0,13917,13994,0,1
 F,0,13994,15593,1
 F,0,15593,15897,1,0
Sprite,Foreground,Centre,"SB/Title/E.png",320,240
 S,0,13461,,0.35
 F,0,13461,13917,0,1
 M,0,13461,15897,219,246,219,236
 F,0,13917,13994,1,0
 F,0,13994,14070,0,1
 F,0,14070,15593,1
 F,0,15593,15897,1,0
Sprite,Foreground,Centre,"SB/Title/V.png",320,240
 S,0,13461,,0.35
 F,0,13461,13994,0,1
 M,0,13461,15897,255,246,255,236
 F,0,13994,14070,1,0
 F,0,14070,14146,0,1
 F,0,14146,15593,1
 F,0,15593,15897,1,0
Sprite,Foreground,Centre,"SB/Title/I.png",320,240
 S,0,13461,,0.35
 F,0,13461,14070,0,1
 M,0,13461,15897,284,246,284,236
 F,0,14070,14146,1,0
 F,0,14146,14222,0,1
 F,0,14222,15593,1
 F,0,15593,15897,1,0
Sprite,Foreground,Centre,"SB/Title/N.png",320,240
 S,0,13461,,0.35
 F,0,13461,14146,0,1
 M,0,13461,15897,312,246,312,236
 F,0,14146,14222,1,0
 F,0,14222,14298,0,1
 F,0,14298,15593,1
 F,0,15593,15897,1,0
Sprite,Foreground,Centre,"SB/Title/C.png",320,240
 S,0,13461,,0.35
 F,0,13461,14222,0,1
 M,0,13461,15897,349,246,349,236
 F,0,14222,14298,1,0
 F,0,14298,14374,0,1
 F,0,14374,15593,1
 F,0,15593,15897,1,0
Sprite,Foreground,Centre,"SB/Title/E.png",320,240
 S,0,13461,,0.35
 F,0,13461,14298,0,1
 M,0,13461,15897,383,246,383,236
 F,0,14298,14374,1,0
 F,0,14374,14450,0,1
 F,0,14450,15593,1
 F,0,15593,15897,1,0
Sprite,Foreground,Centre,"SB/Title/L.png",320,240
 S,0,13461,,0.35
 F,0,13461,14374,0,1
 M,0,13461,15897,418,246,418,236
 F,0,14374,14450,1,0
 F,0,14450,14527,0,1
 F,0,14527,15593,1
 F,0,15593,15897,1,0
Sprite,Foreground,Centre,"SB/Title/A.png",320,240
 S,0,13461,,0.35
 F,0,13461,14450,0,1
 M,0,13461,15897,454,246,454,236
 F,0,14450,14527,1,0
 F,0,14527,14603,0,1
 F,0,14603,15593,1
 F,0,15593,15897,1,0
Sprite,Foreground,Centre,"SB/Title/DASH.png",320,240
 S,0,13461,,0.35
 F,0,13461,14527,0,1
 M,0,13461,15897,491,246,491,236
 F,0,14527,14603,1,0
 F,0,14603,14679,0,1
 F,0,14679,15593,1
 F,0,15593,15897,1,0
Sprite,Foreground,Centre,"SB/Title/T.png",320,240
 S,0,13461,,0.35
 F,0,13461,14146,0,1
 M,0,13461,15897,228,382,228,372
 F,0,14146,14222,1,0
 F,0,14222,14298,0,1
 F,0,14298,15593,1
 F,0,15593,15897,1,0
Sprite,Foreground,Centre,"SB/Title/O.png",320,240
 S,0,13461,,0.35
 F,0,13461,14222,0,1
 M,0,13461,15897,263,382,263,372
 F,0,14222,14298,1,0
 F,0,14298,14374,0,1
 F,0,14374,15593,1
 F,0,15593,15897,1,0
Sprite,Foreground,Centre,"SB/Title/Y.png",320,240
 S,0,13461,,0.35
 F,0,13461,14298,0,1
 M,0,13461,15897,300,382,300,372
 F,0,14298,14374,1,0
 F,0,14374,14450,0,1
 F,0,14450,15593,1
 F,0,15593,15897,1,0
Sprite,Foreground,Centre,"SB/Title/B.png",320,240
 S,0,13461,,0.35
 F,0,13461,14374,0,1
 M,0,13461,15897,338,382,338,372
 F,0,14374,14450,1,0
 F,0,14450,14527,0,1
 F,0,14527,15593,1
 F,0,15593,15897,1,0
Sprite,Foreground,Centre,"SB/Title/O.png",320,240
 S,0,13461,,0.35
 F,0,13461,14450,0,1
 M,0,13461,15897,376,382,376,372
 F,0,14450,14527,1,0
 F,0,14527,14603,0,1
 F,0,14603,15593,1
 F,0,15593,15897,1,0
Sprite,Foreground,Centre,"SB/Title/T.png",320,240
 S,0,13461,,0.35
 F,0,13461,14527,0,1
 M,0,13461,15897,413,382,413,372
 F,0,14527,14603,1,0
 F,0,14603,14679,0,1
 F,0,14679,15593,1
 F,0,15593,15897,1,0
Sprite,Foreground,Centre,"SB/Title/L.png",320,240
 S,0,13461,,0.35
 F,0,13461,14222,0,1
 M,0,13461,15897,236,430,236,420
 F,0,14222,14298,1,0
 F,0,14298,14374,0,1
 F,0,14374,15593,1
 F,0,15593,15897,1,0
Sprite,Foreground,Centre,"SB/Title/I.png",320,240
 S,0,13461,,0.35
 F,0,13461,14298,0,1
 M,0,13461,15897,266,430,266,420
 F,0,14298,14374,1,0
 F,0,14374,14450,0,1
 F,0,14450,15593,1
 F,0,15593,15897,1,0
Sprite,Foreground,Centre,"SB/Title/T.png",320,240
 S,0,13461,,0.35
 F,0,13461,14374,0,1
 M,0,13461,15897,296,430,296,420
 F,0,14374,14450,1,0
 F,0,14450,14527,0,1
 F,0,14527,15593,1
 F,0,15593,15897,1,0
Sprite,Foreground,Centre,"SB/Title/T.png",320,240
 S,0,13461,,0.35
 F,0,13461,14450,0,1
 M,0,13461,15897,332,430,332,420
 F,0,14450,14527,1,0
 F,0,14527,14603,0,1
 F,0,14603,15593,1
 F,0,15593,15897,1,0
Sprite,Foreground,Centre,"SB/Title/L.png",320,240
 S,0,13461,,0.35
 F,0,13461,14527,0,1
 M,0,13461,15897,367,430,367,420
 F,0,14527,14603,1,0
 F,0,14603,14679,0,1
 F,0,14679,15593,1
 F,0,15593,15897,1,0
Sprite,Foreground,Centre,"SB/Title/E.png",320,240
 S,0,13461,,0.35
 F,0,13461,14603,0,1
 M,0,13461,15897,402,430,402,420
 F,0,14603,14679,1,0
 F,0,14679,14755,0,1
 F,0,14755,15593,1
 F,0,15593,15897,1,0
Sprite,Foreground,Centre,"SB/Title/P.png",320,240
 S,0,13461,,0.35
 F,0,13461,13765,0,1
 M,0,13461,15897,104,294,104,284
 F,0,13765,13841,1,0
 F,0,13841,13917,0,1
 F,0,13917,15593,1
 F,0,15593,15897,1,0
Sprite,Foreground,Centre,"SB/Title/R.png",320,240
 S,0,13461,,0.35
 F,0,13461,13841,0,1
 M,0,13461,15897,137,294,137,284
 F,0,13841,13917,1,0
 F,0,13917,13994,0,1
 F,0,13994,15593,1
 F,0,15593,15897,1,0
Sprite,Foreground,Centre,"SB/Title/O.png",320,240
 S,0,13461,,0.35
 F,0,13461,13917,0,1
 M,0,13461,15897,171,294,171,284
 F,0,13917,13994,1,0
 F,0,13994,14070,0,1
 F,0,14070,15593,1
 F,0,15593,15897,1,0
Sprite,Foreground,Centre,"SB/Title/F.png",320,240
 S,0,13461,,0.35
 F,0,13461,13994,0,1
 M,0,13461,15897,204,294,204,284
 F,0,13994,14070,1,0
 F,0,14070,14146,0,1
 F,0,14146,15593,1
 F,0,15593,15897,1,0
Sprite,Foreground,Centre,"SB/Title/E.png",320,240
 S,0,13461,,0.35
 F,0,13461,14070,0,1
 M,0,13461,15897,236,294,236,284
 F,0,14070,14146,1,0
 F,0,14146,14222,0,1
 F,0,14222,15593,1
 F,0,15593,15897,1,0
Sprite,Foreground,Centre,"SB/Title/S.png",320,240
 S,0,13461,,0.35
 F,0,13461,14146,0,1
 M,0,13461,15897,269,294,269,284
 F,0,14146,14222,1,0
 F,0,14222,14298,0,1
 F,0,14298,15593,1
 F,0,15593,15897,1,0
Sprite,Foreground,Centre,"SB/Title/S.png",320,240
 S,0,13461,,0.35
 F,0,13461,14222,0,1
 M,0,13461,15897,303,294,303,284
 F,0,14222,14298,1,0
 F,0,14298,14374,0,1
 F,0,14374,15593,1
 F,0,15593,15897,1,0
Sprite,Foreground,Centre,"SB/Title/I.png",320,240
 S,0,13461,,0.35
 F,0,13461,14298,0,1
 M,0,13461,15897,328,294,328,284
 F,0,14298,14374,1,0
 F,0,14374,14450,0,1
 F,0,14450,15593,1
 F,0,15593,15897,1,0
Sprite,Foreground,Centre,"SB/Title/O.png",320,240
 S,0,13461,,0.35
 F,0,13461,14374,0,1
 M,0,13461,15897,353,294,353,284
 F,0,14374,14450,1,0
 F,0,14450,14527,0,1
 F,0,14527,15593,1
 F,0,15593,15897,1,0
Sprite,Foreground,Centre,"SB/Title/N.png",320,240
 S,0,13461,,0.35
 F,0,13461,14450,0,1
 M,0,13461,15897,388,294,388,284
 F,0,14450,14527,1,0
 F,0,14527,14603,0,1
 F,0,14603,15593,1
 F,0,15593,15897,1,0
Sprite,Foreground,Centre,"SB/Title/A.png",320,240
 S,0,13461,,0.35
 F,0,13461,14527,0,1
 M,0,13461,15897,425,294,425,284
 F,0,14527,14603,1,0
 F,0,14603,14679,0,1
 F,0,14679,15593,1
 F,0,15593,15897,1,0
Sprite,Foreground,Centre,"SB/Title/L.png",320,240
 S,0,13461,,0.35
 F,0,13461,14603,0,1
 M,0,13461,15897,460,294,460,284
 F,0,14603,14679,1,0
 F,0,14679,14755,0,1
 F,0,14755,15593,1
 F,0,15593,15897,1,0
Sprite,Foreground,Centre,"SB/Title/B.png",320,240
 S,0,13461,,0.35
 F,0,13461,14679,0,1
 M,0,13461,15897,493,294,493,284
 F,0,14679,14755,1,0
 F,0,14755,14831,0,1
 F,0,14831,15593,1
 F,0,15593,15897,1,0
Sprite,Foreground,Centre,"SB/Title/O.png",320,240
 S,0,13461,,0.35
 F,0,13461,14755,0,1
 M,0,13461,15897,529,294,529,284
 F,0,14755,14831,1,0
 F,0,14831,14907,0,1
 F,0,14907,15593,1
 F,0,15593,15897,1,0
Sprite,Foreground,Centre,"SB/Title/X.png",320,240
 S,0,13461,,0.35
 F,0,13461,14831,0,1
 M,0,13461,15897,563,294,563,284
 F,0,14831,14907,1,0
 F,0,14907,14983,0,1
 F,0,14983,15593,1
 F,0,15593,15897,1,0
Sprite,Foreground,Centre,"SB/Title/S.png",320,240
 S,0,15897,,0.4
 F,0,15897,16202,0,1
 M,0,15897,18334,86,181,86,171
 F,0,16202,18029,1
 F,0,18029,18334,1,0
Sprite,Foreground,Centre,"SB/Title/T.png",320,240
 S,0,15897,,0.4
 F,0,15897,16202,0,1
 M,0,15897,18334,121,181,121,171
 F,0,16202,18029,1
 F,0,18029,18334,1,0
Sprite,Foreground,Centre,"SB/Title/O.png",320,240
 S,0,15897,,0.4
 F,0,15897,16202,0,1
 M,0,15897,18334,156,181,156,171
 F,0,16202,18029,1
 F,0,18029,18334,1,0
Sprite,Foreground,Centre,"SB/Title/R.png",320,240
 S,0,15897,,0.4
 F,0,15897,16202,0,1
 M,0,15897,18334,191,181,191,171
 F,0,16202,18029,1
 F,0,18029,18334,1,0
Sprite,Foreground,Centre,"SB/Title/Y.png",320,240
 S,0,15897,,0.4
 F,0,15897,16202,0,1
 M,0,15897,18334,225,181,225,171
 F,0,16202,18029,1
 F,0,18029,18334,1,0
Sprite,Foreground,Centre,"SB/Title/B.png",320,240
 S,0,15897,,0.4
 F,0,15897,16202,0,1
 M,0,15897,18334,263,181,263,171
 F,0,16202,18029,1
 F,0,18029,18334,1,0
Sprite,Foreground,Centre,"SB/Title/O.png",320,240
 S,0,15897,,0.4
 F,0,15897,16202,0,1
 M,0,15897,18334,301,181,301,171
 F,0,16202,18029,1
 F,0,18029,18334,1,0
Sprite,Foreground,Centre,"SB/Title/A.png",320,240
 S,0,15897,,0.4
 F,0,15897,16202,0,1
 M,0,15897,18334,339,181,339,171
 F,0,16202,18029,1
 F,0,18029,18334,1,0
Sprite,Foreground,Centre,"SB/Title/R.png",320,240
 S,0,15897,,0.4
 F,0,15897,16202,0,1
 M,0,15897,18334,376,181,376,171
 F,0,16202,18029,1
 F,0,18029,18334,1,0
Sprite,Foreground,Centre,"SB/Title/D.png",320,240
 S,0,15897,,0.4
 F,0,15897,16202,0,1
 M,0,15897,18334,411,181,411,171
 F,0,16202,18029,1
 F,0,18029,18334,1,0
Sprite,Foreground,Centre,"SB/Title/E.png",320,240
 S,0,15897,,0.4
 F,0,15897,16202,0,1
 M,0,15897,18334,447,181,447,171
 F,0,16202,18029,1
 F,0,18029,18334,1,0
Sprite,Foreground,Centre,"SB/Title/R.png",320,240
 S,0,15897,,0.4
 F,0,15897,16202,0,1
 M,0,15897,18334,482,181,482,171
 F,0,16202,18029,1
 F,0,18029,18334,1,0
Sprite,Foreground,Centre,"SB/Title/COL.png",320,240
 S,0,15897,,0.4
 F,0,15897,16202,0,1
 M,0,15897,18334,507,181,507,171
 F,0,16202,18029,1
 F,0,18029,18334,1,0
Sprite,Foreground,Centre,"SB/Title/B.png",320,240
 S,0,15897,,0.4
 F,0,15897,16202,0,1
 M,0,15897,18334,189,285,189,275
 F,0,16202,16506,1
 F,0,16506,16582,1,0
 F,0,16582,16659,0,1
 F,0,16659,18029,1
 F,0,18029,18334,1,0
Sprite,Foreground,Centre,"SB/Title/E.png",320,240
 S,0,15897,,0.4
 F,0,15897,16202,0,1
 M,0,15897,18334,229,285,229,275
 F,0,16202,16582,1
 F,0,16582,16659,1,0
 F,0,16659,16735,0,1
 F,0,16735,18029,1
 F,0,18029,18334,1,0
Sprite,Foreground,Centre,"SB/Title/T.png",320,240
 S,0,15897,,0.4
 F,0,15897,16202,0,0.9156364
 M,0,15897,18334,265,285,265,275
 F,0,16202,16659,0.9156364
 F,0,16659,16735,0.9156364,0
 F,0,16735,16811,0,1
 F,0,16811,18029,1
 F,0,18029,18334,1,0
Sprite,Foreground,Centre,"SB/Title/A.png",320,240
 S,0,15897,,0.4
 F,0,15897,16202,0,1
 M,0,15897,18334,304,285,304,275
 F,0,16202,16735,1
 F,0,16735,16811,1,0
 F,0,16811,16887,0,1
 F,0,16887,18029,1
 F,0,18029,18334,1,0
Sprite,Foreground,Centre,"SB/Title/S.png",320,240
 S,0,15897,,0.4
 F,0,15897,16202,0,1
 M,0,15897,18334,344,285,344,275
 F,0,16202,16811,1
 F,0,16811,16887,1,0
 F,0,16887,16963,0,1
 F,0,16963,18029,1
 F,0,18029,18334,1,0
Sprite,Foreground,Centre,"SB/Title/T.png",320,240
 S,0,15897,,0.4
 F,0,15897,16202,0,1
 M,0,15897,18334,381,285,381,275
 F,0,16202,16887,1
 F,0,16887,16963,1,0
 F,0,16963,17039,0,1
 F,0,17039,18029,1
 F,0,18029,18334,1,0
Sprite,Foreground,Centre,"SB/Title/A.png",320,240
 S,0,15897,,0.4
 F,0,15897,16202,0,1
 M,0,15897,18334,419,285,419,275
 F,0,16202,16963,1
 F,0,16963,17039,1,0
 F,0,17039,17115,0,1
 F,0,17115,18029,1
 F,0,18029,18334,1,0
Sprite,Foreground,Centre,"SB/Title/R.png",320,240
 S,0,15897,,0.4
 F,0,15897,16202,0,1
 M,0,15897,18334,458,285,458,275
 F,0,16202,17039,1
 F,0,17039,17115,1,0
 F,0,17115,17192,0,1
 F,0,17192,18029,1
 F,0,18029,18334,1,0
Sprite,Foreground,Centre,"SB/Title/DASH.png",320,240
 V,0,11481,,1.455891,0.9929861
 F,0,11481,11709,1
 M,0,11481,13004,649,246,649,240
 F,0,11709,11785,1,0
 F,0,11785,12014,0
 F,0,12014,12090,0,1
 F,0,12090,12318,1
 F,0,12318,12395,1,0
 F,0,12395,12623,0
 F,0,12623,12699,0,0.5651506
 F,0,12699,12928,0.5651506,0.3582465
 F,0,12928,13004,0.3582465,0
Sprite,Foreground,Centre,"SB/White.jpg",320,240
 F,0,61888,62192,0,1
 S,0,62192,,1.05
 F,0,62192,62801,1,0
Sprite,Foreground,Centre,"SB/White.jpg",320,240
 F,0,71634,71938,0,1
 S,0,71938,,1.05
 F,0,71938,72547,1,0
Sprite,Foreground,Centre,"SB/White.jpg",320,240
 F,0,81380,81684,0,1
 S,0,81684,,1.05
 F,0,81684,82293,1,0